press@media.com
media@media.com
team@media.com
sales@media.com
equiries@media.com
help@media.com
busines@media.com
service@media.com
career@media.com
community@media.com
opportunities@media.com
social@softrefine.com
marketing@softrefine.com
hello@softrefine.com
contact@softrefine.com
support@softrefine.com
info@softrefine.com
press@softrefine.com
media@softrefine.com
team@softrefine.com
sales@softrefine.com
equiries@softrefine.com
help@softrefine.com
busines@softrefine.com
service@softrefine.com
career@softrefine.com
community@softrefine.com
opportunities@softrefine.com
social@malaysiamobileappsdeveloper.com
marketing@malaysiamobileappsdeveloper.com
hello@malaysiamobileappsdeveloper.com
contact@malaysiamobileappsdeveloper.com
support@malaysiamobileappsdeveloper.com
info@malaysiamobileappsdeveloper.com
press@malaysiamobileappsdeveloper.com
media@malaysiamobileappsdeveloper.com
team@malaysiamobileappsdeveloper.com
sales@malaysiamobileappsdeveloper.com
equiries@malaysiamobileappsdeveloper.com
help@malaysiamobileappsdeveloper.com
busines@malaysiamobileappsdeveloper.com
service@malaysiamobileappsdeveloper.com
career@malaysiamobileappsdeveloper.com
community@malaysiamobileappsdeveloper.com
opportunities@malaysiamobileappsdeveloper.com
social@sprout.co.id
marketing@sprout.co.id
hello@sprout.co.id
contact@sprout.co.id
support@sprout.co.id
info@sprout.co.id
press@sprout.co.id
media@sprout.co.id
team@sprout.co.id
sales@sprout.co.id
equiries@sprout.co.id
help@sprout.co.id
busines@sprout.co.id
service@sprout.co.id
career@sprout.co.id
community@sprout.co.id
opportunities@sprout.co.id
social@sc-sparksolution.com
marketing@sc-sparksolution.com
hello@sc-sparksolution.com
contact@sc-sparksolution.com
support@sc-sparksolution.com
info@sc-sparksolution.com
press@sc-sparksolution.com
media@sc-sparksolution.com
team@sc-sparksolution.com
sales@sc-sparksolution.com
equiries@sc-sparksolution.com
help@sc-sparksolution.com
busines@sc-sparksolution.com
service@sc-sparksolution.com
career@sc-sparksolution.com
community@sc-sparksolution.com
opportunities@sc-sparksolution.com
social@gits.co.id
marketing@gits.co.id
hello@gits.co.id
contact@gits.co.id
support@gits.co.id
info@gits.co.id
press@gits.co.id
media@gits.co.id
team@gits.co.id
sales@gits.co.id
equiries@gits.co.id
help@gits.co.id
busines@gits.co.id
service@gits.co.id
career@gits.co.id
community@gits.co.id
opportunities@gits.co.id
social@stratpoint.com
marketing@stratpoint.com
hello@stratpoint.com
contact@stratpoint.com
support@stratpoint.com
info@stratpoint.com
press@stratpoint.com
media@stratpoint.com
team@stratpoint.com
sales@stratpoint.com
equiries@stratpoint.com
help@stratpoint.com
busines@stratpoint.com
service@stratpoint.com
career@stratpoint.com
community@stratpoint.com
opportunities@stratpoint.com
social@solutions.com
marketing@solutions.com
hello@solutions.com
contact@solutions.com
support@solutions.com
info@solutions.com
press@solutions.com
media@solutions.com
team@solutions.com
sales@solutions.com
equiries@solutions.com
help@solutions.com
busines@solutions.com
service@solutions.com
career@solutions.com
community@solutions.com
opportunities@solutions.com
social@emmaintegra.com
marketing@emmaintegra.com
hello@emmaintegra.com
contact@emmaintegra.com
support@emmaintegra.com
info@emmaintegra.com
press@emmaintegra.com
media@emmaintegra.com
team@emmaintegra.com
sales@emmaintegra.com
equiries@emmaintegra.com
help@emmaintegra.com
busines@emmaintegra.com
service@emmaintegra.com
career@emmaintegra.com
community@emmaintegra.com
opportunities@emmaintegra.com
social@veecotech.com.my
marketing@veecotech.com.my
hello@veecotech.com.my
contact@veecotech.com.my
support@veecotech.com.my
info@veecotech.com.my
press@veecotech.com.my
media@veecotech.com.my
team@veecotech.com.my
sales@veecotech.com.my
equiries@veecotech.com.my
help@veecotech.com.my
busines@veecotech.com.my
service@veecotech.com.my
career@veecotech.com.my
community@veecotech.com.my
opportunities@veecotech.com.my
social@i.com
marketing@i.com
hello@i.com
contact@i.com
support@i.com
info@i.com
press@i.com
media@i.com
team@i.com
sales@i.com
equiries@i.com
help@i.com
busines@i.com
service@i.com
career@i.com
community@i.com
opportunities@i.com
social@fehux.com
marketing@fehux.com
hello@fehux.com
contact@fehux.com
support@fehux.com
info@fehux.com
press@fehux.com
media@fehux.com
team@fehux.com
sales@fehux.com
equiries@fehux.com
help@fehux.com
busines@fehux.com
service@fehux.com
career@fehux.com
community@fehux.com
opportunities@fehux.com
social@compassites.net
marketing@compassites.net
hello@compassites.net
contact@compassites.net
support@compassites.net
info@compassites.net
press@compassites.net
media@compassites.net
team@compassites.net
sales@compassites.net
equiries@compassites.net
help@compassites.net
busines@compassites.net
service@compassites.net
career@compassites.net
community@compassites.net
opportunities@compassites.net
social@crespro.com
marketing@crespro.com
hello@crespro.com
contact@crespro.com
support@crespro.com
info@crespro.com
press@crespro.com
media@crespro.com
team@crespro.com
sales@crespro.com
equiries@crespro.com
help@crespro.com
busines@crespro.com
service@crespro.com
career@crespro.com
community@crespro.com
opportunities@crespro.com
social@sixthgearstudios.com
marketing@sixthgearstudios.com
hello@sixthgearstudios.com
contact@sixthgearstudios.com
support@sixthgearstudios.com
info@sixthgearstudios.com
press@sixthgearstudios.com
media@sixthgearstudios.com
team@sixthgearstudios.com
sales@sixthgearstudios.com
equiries@sixthgearstudios.com
help@sixthgearstudios.com
busines@sixthgearstudios.com
service@sixthgearstudios.com
career@sixthgearstudios.com
community@sixthgearstudios.com
opportunities@sixthgearstudios.com
social@smmile.com
marketing@smmile.com
hello@smmile.com
contact@smmile.com
support@smmile.com
info@smmile.com
press@smmile.com
media@smmile.com
team@smmile.com
sales@smmile.com
equiries@smmile.com
help@smmile.com
busines@smmile.com
service@smmile.com
career@smmile.com
community@smmile.com
opportunities@smmile.com
social@webdesigner.com.sg
marketing@webdesigner.com.sg
hello@webdesigner.com.sg
contact@webdesigner.com.sg
support@webdesigner.com.sg
info@webdesigner.com.sg
press@webdesigner.com.sg
media@webdesigner.com.sg
team@webdesigner.com.sg
sales@webdesigner.com.sg
equiries@webdesigner.com.sg
help@webdesigner.com.sg
busines@webdesigner.com.sg
service@webdesigner.com.sg
career@webdesigner.com.sg
community@webdesigner.com.sg
opportunities@webdesigner.com.sg
social@codelink.io
marketing@codelink.io
hello@codelink.io
contact@codelink.io
support@codelink.io
info@codelink.io
press@codelink.io
media@codelink.io
team@codelink.io
sales@codelink.io
equiries@codelink.io
help@codelink.io
busines@codelink.io
service@codelink.io
career@codelink.io
community@codelink.io
opportunities@codelink.io
social@lavax.co
marketing@lavax.co
hello@lavax.co
contact@lavax.co
support@lavax.co
info@lavax.co
press@lavax.co
media@lavax.co
team@lavax.co
sales@lavax.co
equiries@lavax.co
help@lavax.co
busines@lavax.co
service@lavax.co
career@lavax.co
community@lavax.co
opportunities@lavax.co
social@etechdreams.com
marketing@etechdreams.com
hello@etechdreams.com
contact@etechdreams.com
support@etechdreams.com
info@etechdreams.com
press@etechdreams.com
media@etechdreams.com
team@etechdreams.com
sales@etechdreams.com
equiries@etechdreams.com
help@etechdreams.com
busines@etechdreams.com
service@etechdreams.com
career@etechdreams.com
community@etechdreams.com
opportunities@etechdreams.com
social@skylark.com.sg
marketing@skylark.com.sg
hello@skylark.com.sg
contact@skylark.com.sg
support@skylark.com.sg
info@skylark.com.sg
press@skylark.com.sg
media@skylark.com.sg
team@skylark.com.sg
sales@skylark.com.sg
equiries@skylark.com.sg
help@skylark.com.sg
busines@skylark.com.sg
service@skylark.com.sg
career@skylark.com.sg
community@skylark.com.sg
opportunities@skylark.com.sg
social@yangyangmobile.com
marketing@yangyangmobile.com
hello@yangyangmobile.com
contact@yangyangmobile.com
support@yangyangmobile.com
info@yangyangmobile.com
press@yangyangmobile.com
media@yangyangmobile.com
team@yangyangmobile.com
sales@yangyangmobile.com
equiries@yangyangmobile.com
help@yangyangmobile.com
busines@yangyangmobile.com
service@yangyangmobile.com
career@yangyangmobile.com
community@yangyangmobile.com
opportunities@yangyangmobile.com
social@strongbytestudio.com
marketing@strongbytestudio.com
hello@strongbytestudio.com
contact@strongbytestudio.com
support@strongbytestudio.com
info@strongbytestudio.com
press@strongbytestudio.com
media@strongbytestudio.com
team@strongbytestudio.com
sales@strongbytestudio.com
equiries@strongbytestudio.com
help@strongbytestudio.com
busines@strongbytestudio.com
service@strongbytestudio.com
career@strongbytestudio.com
community@strongbytestudio.com
opportunities@strongbytestudio.com
social@beetlebox.co.id
marketing@beetlebox.co.id
hello@beetlebox.co.id
contact@beetlebox.co.id
support@beetlebox.co.id
info@beetlebox.co.id
press@beetlebox.co.id
media@beetlebox.co.id
team@beetlebox.co.id
sales@beetlebox.co.id
equiries@beetlebox.co.id
help@beetlebox.co.id
busines@beetlebox.co.id
service@beetlebox.co.id
career@beetlebox.co.id
community@beetlebox.co.id
opportunities@beetlebox.co.id
social@zeatech.com.sg
marketing@zeatech.com.sg
hello@zeatech.com.sg
contact@zeatech.com.sg
support@zeatech.com.sg
info@zeatech.com.sg
press@zeatech.com.sg
media@zeatech.com.sg
team@zeatech.com.sg
sales@zeatech.com.sg
equiries@zeatech.com.sg
help@zeatech.com.sg
busines@zeatech.com.sg
service@zeatech.com.sg
career@zeatech.com.sg
community@zeatech.com.sg
opportunities@zeatech.com.sg
social@sginteractive.com.sg
marketing@sginteractive.com.sg
hello@sginteractive.com.sg
contact@sginteractive.com.sg
support@sginteractive.com.sg
info@sginteractive.com.sg
press@sginteractive.com.sg
media@sginteractive.com.sg
team@sginteractive.com.sg
sales@sginteractive.com.sg
equiries@sginteractive.com.sg
help@sginteractive.com.sg
busines@sginteractive.com.sg
service@sginteractive.com.sg
career@sginteractive.com.sg
community@sginteractive.com.sg
opportunities@sginteractive.com.sg
social@brightstars.co.id
marketing@brightstars.co.id
hello@brightstars.co.id
contact@brightstars.co.id
support@brightstars.co.id
info@brightstars.co.id
press@brightstars.co.id
media@brightstars.co.id
team@brightstars.co.id
sales@brightstars.co.id
equiries@brightstars.co.id
help@brightstars.co.id
busines@brightstars.co.id
service@brightstars.co.id
career@brightstars.co.id
community@brightstars.co.id
opportunities@brightstars.co.id
social@frontline.com.sg
marketing@frontline.com.sg
hello@frontline.com.sg
contact@frontline.com.sg
support@frontline.com.sg
info@frontline.com.sg
press@frontline.com.sg
media@frontline.com.sg
team@frontline.com.sg
sales@frontline.com.sg
equiries@frontline.com.sg
help@frontline.com.sg
busines@frontline.com.sg
service@frontline.com.sg
career@frontline.com.sg
community@frontline.com.sg
opportunities@frontline.com.sg
social@bantayso.com
marketing@bantayso.com
hello@bantayso.com
contact@bantayso.com
support@bantayso.com
info@bantayso.com
press@bantayso.com
media@bantayso.com
team@bantayso.com
sales@bantayso.com
equiries@bantayso.com
help@bantayso.com
busines@bantayso.com
service@bantayso.com
career@bantayso.com
community@bantayso.com
opportunities@bantayso.com
social@dactech.vn
marketing@dactech.vn
hello@dactech.vn
contact@dactech.vn
support@dactech.vn
info@dactech.vn
press@dactech.vn
media@dactech.vn
team@dactech.vn
sales@dactech.vn
equiries@dactech.vn
help@dactech.vn
busines@dactech.vn
service@dactech.vn
career@dactech.vn
community@dactech.vn
opportunities@dactech.vn
social@adroit.ph
marketing@adroit.ph
hello@adroit.ph
contact@adroit.ph
support@adroit.ph
info@adroit.ph
press@adroit.ph
media@adroit.ph
team@adroit.ph
sales@adroit.ph
equiries@adroit.ph
help@adroit.ph
busines@adroit.ph
service@adroit.ph
career@adroit.ph
community@adroit.ph
opportunities@adroit.ph
social@incubasys.com
marketing@incubasys.com
hello@incubasys.com
contact@incubasys.com
support@incubasys.com
info@incubasys.com
press@incubasys.com
media@incubasys.com
team@incubasys.com
sales@incubasys.com
equiries@incubasys.com
help@incubasys.com
busines@incubasys.com
service@incubasys.com
career@incubasys.com
community@incubasys.com
opportunities@incubasys.com
social@mroomsoft.com
marketing@mroomsoft.com
hello@mroomsoft.com
contact@mroomsoft.com
support@mroomsoft.com
info@mroomsoft.com
press@mroomsoft.com
media@mroomsoft.com
team@mroomsoft.com
sales@mroomsoft.com
equiries@mroomsoft.com
help@mroomsoft.com
busines@mroomsoft.com
service@mroomsoft.com
career@mroomsoft.com
community@mroomsoft.com
opportunities@mroomsoft.com
social@beesightsoft.com
marketing@beesightsoft.com
hello@beesightsoft.com
contact@beesightsoft.com
support@beesightsoft.com
info@beesightsoft.com
press@beesightsoft.com
media@beesightsoft.com
team@beesightsoft.com
sales@beesightsoft.com
equiries@beesightsoft.com
help@beesightsoft.com
busines@beesightsoft.com
service@beesightsoft.com
career@beesightsoft.com
community@beesightsoft.com
opportunities@beesightsoft.com
social@oozou.com
marketing@oozou.com
hello@oozou.com
contact@oozou.com
support@oozou.com
info@oozou.com
press@oozou.com
media@oozou.com
team@oozou.com
sales@oozou.com
equiries@oozou.com
help@oozou.com
busines@oozou.com
service@oozou.com
career@oozou.com
community@oozou.com
opportunities@oozou.com
social@thinkbitsolutions.com
marketing@thinkbitsolutions.com
hello@thinkbitsolutions.com
contact@thinkbitsolutions.com
support@thinkbitsolutions.com
info@thinkbitsolutions.com
press@thinkbitsolutions.com
media@thinkbitsolutions.com
team@thinkbitsolutions.com
sales@thinkbitsolutions.com
equiries@thinkbitsolutions.com
help@thinkbitsolutions.com
busines@thinkbitsolutions.com
service@thinkbitsolutions.com
career@thinkbitsolutions.com
community@thinkbitsolutions.com
opportunities@thinkbitsolutions.com
social@fireworks.digital
marketing@fireworks.digital
hello@fireworks.digital
contact@fireworks.digital
support@fireworks.digital
info@fireworks.digital
press@fireworks.digital
media@fireworks.digital
team@fireworks.digital
sales@fireworks.digital
equiries@fireworks.digital
help@fireworks.digital
busines@fireworks.digital
service@fireworks.digital
career@fireworks.digital
community@fireworks.digital
opportunities@fireworks.digital
social@segwitz.com
marketing@segwitz.com
hello@segwitz.com
contact@segwitz.com
support@segwitz.com
info@segwitz.com
press@segwitz.com
media@segwitz.com
team@segwitz.com
sales@segwitz.com
equiries@segwitz.com
help@segwitz.com
busines@segwitz.com
service@segwitz.com
career@segwitz.com
community@segwitz.com
opportunities@segwitz.com
social@ant-internet.com
marketing@ant-internet.com
hello@ant-internet.com
contact@ant-internet.com
support@ant-internet.com
info@ant-internet.com
press@ant-internet.com
media@ant-internet.com
team@ant-internet.com
sales@ant-internet.com
equiries@ant-internet.com
help@ant-internet.com
busines@ant-internet.com
service@ant-internet.com
career@ant-internet.com
community@ant-internet.com
opportunities@ant-internet.com
social@dycode.co.id
marketing@dycode.co.id
hello@dycode.co.id
contact@dycode.co.id
support@dycode.co.id
info@dycode.co.id
press@dycode.co.id
media@dycode.co.id
team@dycode.co.id
sales@dycode.co.id
equiries@dycode.co.id
help@dycode.co.id
busines@dycode.co.id
service@dycode.co.id
career@dycode.co.id
community@dycode.co.id
opportunities@dycode.co.id
social@massiveinfinity.com
marketing@massiveinfinity.com
hello@massiveinfinity.com
contact@massiveinfinity.com
support@massiveinfinity.com
info@massiveinfinity.com
press@massiveinfinity.com
media@massiveinfinity.com
team@massiveinfinity.com
sales@massiveinfinity.com
equiries@massiveinfinity.com
help@massiveinfinity.com
busines@massiveinfinity.com
service@massiveinfinity.com
career@massiveinfinity.com
community@massiveinfinity.com
opportunities@massiveinfinity.com
social@solutions.com
marketing@solutions.com
hello@solutions.com
contact@solutions.com
support@solutions.com
info@solutions.com
press@solutions.com
media@solutions.com
team@solutions.com
sales@solutions.com
equiries@solutions.com
help@solutions.com
busines@solutions.com
service@solutions.com
career@solutions.com
community@solutions.com
opportunities@solutions.com
social@stormcreatives.com
marketing@stormcreatives.com
hello@stormcreatives.com
contact@stormcreatives.com
support@stormcreatives.com
info@stormcreatives.com
press@stormcreatives.com
media@stormcreatives.com
team@stormcreatives.com
sales@stormcreatives.com
equiries@stormcreatives.com
help@stormcreatives.com
busines@stormcreatives.com
service@stormcreatives.com
career@stormcreatives.com
community@stormcreatives.com
opportunities@stormcreatives.com
social@professionalsofttech.com
marketing@professionalsofttech.com
hello@professionalsofttech.com
contact@professionalsofttech.com
support@professionalsofttech.com
info@professionalsofttech.com
press@professionalsofttech.com
media@professionalsofttech.com
team@professionalsofttech.com
sales@professionalsofttech.com
equiries@professionalsofttech.com
help@professionalsofttech.com
busines@professionalsofttech.com
service@professionalsofttech.com
career@professionalsofttech.com
community@professionalsofttech.com
opportunities@professionalsofttech.com
social@unitech.vn
marketing@unitech.vn
hello@unitech.vn
contact@unitech.vn
support@unitech.vn
info@unitech.vn
press@unitech.vn
media@unitech.vn
team@unitech.vn
sales@unitech.vn
equiries@unitech.vn
help@unitech.vn
busines@unitech.vn
service@unitech.vn
career@unitech.vn
community@unitech.vn
opportunities@unitech.vn
social@monsolution.com
marketing@monsolution.com
hello@monsolution.com
contact@monsolution.com
support@monsolution.com
info@monsolution.com
press@monsolution.com
media@monsolution.com
team@monsolution.com
sales@monsolution.com
equiries@monsolution.com
help@monsolution.com
busines@monsolution.com
service@monsolution.com
career@monsolution.com
community@monsolution.com
opportunities@monsolution.com
social@inoru.com
marketing@inoru.com
hello@inoru.com
contact@inoru.com
support@inoru.com
info@inoru.com
press@inoru.com
media@inoru.com
team@inoru.com
sales@inoru.com
equiries@inoru.com
help@inoru.com
busines@inoru.com
service@inoru.com
career@inoru.com
community@inoru.com
opportunities@inoru.com
social@innovationpunks.com
marketing@innovationpunks.com
hello@innovationpunks.com
contact@innovationpunks.com
support@innovationpunks.com
info@innovationpunks.com
press@innovationpunks.com
media@innovationpunks.com
team@innovationpunks.com
sales@innovationpunks.com
equiries@innovationpunks.com
help@innovationpunks.com
busines@innovationpunks.com
service@innovationpunks.com
career@innovationpunks.com
community@innovationpunks.com
opportunities@innovationpunks.com
social@hermesinfotech.com
marketing@hermesinfotech.com
hello@hermesinfotech.com
contact@hermesinfotech.com
support@hermesinfotech.com
info@hermesinfotech.com
press@hermesinfotech.com
media@hermesinfotech.com
team@hermesinfotech.com
sales@hermesinfotech.com
equiries@hermesinfotech.com
help@hermesinfotech.com
busines@hermesinfotech.com
service@hermesinfotech.com
career@hermesinfotech.com
community@hermesinfotech.com
opportunities@hermesinfotech.com
social@milkcreative.my
marketing@milkcreative.my
hello@milkcreative.my
contact@milkcreative.my
support@milkcreative.my
info@milkcreative.my
press@milkcreative.my
media@milkcreative.my
team@milkcreative.my
sales@milkcreative.my
equiries@milkcreative.my
help@milkcreative.my
busines@milkcreative.my
service@milkcreative.my
career@milkcreative.my
community@milkcreative.my
opportunities@milkcreative.my
social@antking.asia
marketing@antking.asia
hello@antking.asia
contact@antking.asia
support@antking.asia
info@antking.asia
press@antking.asia
media@antking.asia
team@antking.asia
sales@antking.asia
equiries@antking.asia
help@antking.asia
busines@antking.asia
service@antking.asia
career@antking.asia
community@antking.asia
opportunities@antking.asia
social@sunpro.com.sg
marketing@sunpro.com.sg
hello@sunpro.com.sg
contact@sunpro.com.sg
support@sunpro.com.sg
info@sunpro.com.sg
press@sunpro.com.sg
media@sunpro.com.sg
team@sunpro.com.sg
sales@sunpro.com.sg
equiries@sunpro.com.sg
help@sunpro.com.sg
busines@sunpro.com.sg
service@sunpro.com.sg
career@sunpro.com.sg
community@sunpro.com.sg
opportunities@sunpro.com.sg
social@mobilemindsinc.com
marketing@mobilemindsinc.com
hello@mobilemindsinc.com
contact@mobilemindsinc.com
support@mobilemindsinc.com
info@mobilemindsinc.com
press@mobilemindsinc.com
media@mobilemindsinc.com
team@mobilemindsinc.com
sales@mobilemindsinc.com
equiries@mobilemindsinc.com
help@mobilemindsinc.com
busines@mobilemindsinc.com
service@mobilemindsinc.com
career@mobilemindsinc.com
community@mobilemindsinc.com
opportunities@mobilemindsinc.com
social@icts.vn
marketing@icts.vn
hello@icts.vn
contact@icts.vn
support@icts.vn
info@icts.vn
press@icts.vn
media@icts.vn
team@icts.vn
sales@icts.vn
equiries@icts.vn
help@icts.vn
busines@icts.vn
service@icts.vn
career@icts.vn
community@icts.vn
opportunities@icts.vn
social@mobytelab.com
marketing@mobytelab.com
hello@mobytelab.com
contact@mobytelab.com
support@mobytelab.com
info@mobytelab.com
press@mobytelab.com
media@mobytelab.com
team@mobytelab.com
sales@mobytelab.com
equiries@mobytelab.com
help@mobytelab.com
busines@mobytelab.com
service@mobytelab.com
career@mobytelab.com
community@mobytelab.com
opportunities@mobytelab.com
social@digital.com
marketing@digital.com
hello@digital.com
contact@digital.com
support@digital.com
info@digital.com
press@digital.com
media@digital.com
team@digital.com
sales@digital.com
equiries@digital.com
help@digital.com
busines@digital.com
service@digital.com
career@digital.com
community@digital.com
opportunities@digital.com
social@cpi.com.ph
marketing@cpi.com.ph
hello@cpi.com.ph
contact@cpi.com.ph
support@cpi.com.ph
info@cpi.com.ph
press@cpi.com.ph
media@cpi.com.ph
team@cpi.com.ph
sales@cpi.com.ph
equiries@cpi.com.ph
help@cpi.com.ph
busines@cpi.com.ph
service@cpi.com.ph
career@cpi.com.ph
community@cpi.com.ph
opportunities@cpi.com.ph
social@waostudio.com
marketing@waostudio.com
hello@waostudio.com
contact@waostudio.com
support@waostudio.com
info@waostudio.com
press@waostudio.com
media@waostudio.com
team@waostudio.com
sales@waostudio.com
equiries@waostudio.com
help@waostudio.com
busines@waostudio.com
service@waostudio.com
career@waostudio.com
community@waostudio.com
opportunities@waostudio.com
social@gosstech.com.sg
marketing@gosstech.com.sg
hello@gosstech.com.sg
contact@gosstech.com.sg
support@gosstech.com.sg
info@gosstech.com.sg
press@gosstech.com.sg
media@gosstech.com.sg
team@gosstech.com.sg
sales@gosstech.com.sg
equiries@gosstech.com.sg
help@gosstech.com.sg
busines@gosstech.com.sg
service@gosstech.com.sg
career@gosstech.com.sg
community@gosstech.com.sg
opportunities@gosstech.com.sg
social@software.vyrox.com
marketing@software.vyrox.com
hello@software.vyrox.com
contact@software.vyrox.com
support@software.vyrox.com
info@software.vyrox.com
press@software.vyrox.com
media@software.vyrox.com
team@software.vyrox.com
sales@software.vyrox.com
equiries@software.vyrox.com
help@software.vyrox.com
busines@software.vyrox.com
service@software.vyrox.com
career@software.vyrox.com
community@software.vyrox.com
opportunities@software.vyrox.com
social@mitrais.com
marketing@mitrais.com
hello@mitrais.com
contact@mitrais.com
support@mitrais.com
info@mitrais.com
press@mitrais.com
media@mitrais.com
team@mitrais.com
sales@mitrais.com
equiries@mitrais.com
help@mitrais.com
busines@mitrais.com
service@mitrais.com
career@mitrais.com
community@mitrais.com
opportunities@mitrais.com
social@khmergaming.com
marketing@khmergaming.com
hello@khmergaming.com
contact@khmergaming.com
support@khmergaming.com
info@khmergaming.com
press@khmergaming.com
media@khmergaming.com
team@khmergaming.com
sales@khmergaming.com
equiries@khmergaming.com
help@khmergaming.com
busines@khmergaming.com
service@khmergaming.com
career@khmergaming.com
community@khmergaming.com
opportunities@khmergaming.com
social@ndimensionz.com
marketing@ndimensionz.com
hello@ndimensionz.com
contact@ndimensionz.com
support@ndimensionz.com
info@ndimensionz.com
press@ndimensionz.com
media@ndimensionz.com
team@ndimensionz.com
sales@ndimensionz.com
equiries@ndimensionz.com
help@ndimensionz.com
busines@ndimensionz.com
service@ndimensionz.com
career@ndimensionz.com
community@ndimensionz.com
opportunities@ndimensionz.com
social@hanel.com.vn
marketing@hanel.com.vn
hello@hanel.com.vn
contact@hanel.com.vn
support@hanel.com.vn
info@hanel.com.vn
press@hanel.com.vn
media@hanel.com.vn
team@hanel.com.vn
sales@hanel.com.vn
equiries@hanel.com.vn
help@hanel.com.vn
busines@hanel.com.vn
service@hanel.com.vn
career@hanel.com.vn
community@hanel.com.vn
opportunities@hanel.com.vn
social@wesimplifymarketing.com
marketing@wesimplifymarketing.com
hello@wesimplifymarketing.com
contact@wesimplifymarketing.com
support@wesimplifymarketing.com
info@wesimplifymarketing.com
press@wesimplifymarketing.com
media@wesimplifymarketing.com
team@wesimplifymarketing.com
sales@wesimplifymarketing.com
equiries@wesimplifymarketing.com
help@wesimplifymarketing.com
busines@wesimplifymarketing.com
service@wesimplifymarketing.com
career@wesimplifymarketing.com
community@wesimplifymarketing.com
opportunities@wesimplifymarketing.com
social@cssindia.com
marketing@cssindia.com
hello@cssindia.com
contact@cssindia.com
support@cssindia.com
info@cssindia.com
press@cssindia.com
media@cssindia.com
team@cssindia.com
sales@cssindia.com
equiries@cssindia.com
help@cssindia.com
busines@cssindia.com
service@cssindia.com
career@cssindia.com
community@cssindia.com
opportunities@cssindia.com
social@demellows.com
marketing@demellows.com
hello@demellows.com
contact@demellows.com
support@demellows.com
info@demellows.com
press@demellows.com
media@demellows.com
team@demellows.com
sales@demellows.com
equiries@demellows.com
help@demellows.com
busines@demellows.com
service@demellows.com
career@demellows.com
community@demellows.com
opportunities@demellows.com
social@xsosys.com
marketing@xsosys.com
hello@xsosys.com
contact@xsosys.com
support@xsosys.com
info@xsosys.com
press@xsosys.com
media@xsosys.com
team@xsosys.com
sales@xsosys.com
equiries@xsosys.com
help@xsosys.com
busines@xsosys.com
service@xsosys.com
career@xsosys.com
community@xsosys.com
opportunities@xsosys.com
social@ideaverse.com.sg
marketing@ideaverse.com.sg
hello@ideaverse.com.sg
contact@ideaverse.com.sg
support@ideaverse.com.sg
info@ideaverse.com.sg
press@ideaverse.com.sg
media@ideaverse.com.sg
team@ideaverse.com.sg
sales@ideaverse.com.sg
equiries@ideaverse.com.sg
help@ideaverse.com.sg
busines@ideaverse.com.sg
service@ideaverse.com.sg
career@ideaverse.com.sg
community@ideaverse.com.sg
opportunities@ideaverse.com.sg
social@greenglobal.vn
marketing@greenglobal.vn
hello@greenglobal.vn
contact@greenglobal.vn
support@greenglobal.vn
info@greenglobal.vn
press@greenglobal.vn
media@greenglobal.vn
team@greenglobal.vn
sales@greenglobal.vn
equiries@greenglobal.vn
help@greenglobal.vn
busines@greenglobal.vn
service@greenglobal.vn
career@greenglobal.vn
community@greenglobal.vn
opportunities@greenglobal.vn
social@si.vn
marketing@si.vn
hello@si.vn
contact@si.vn
support@si.vn
info@si.vn
press@si.vn
media@si.vn
team@si.vn
sales@si.vn
equiries@si.vn
help@si.vn
busines@si.vn
service@si.vn
career@si.vn
community@si.vn
opportunities@si.vn
social@tvo.vn
marketing@tvo.vn
hello@tvo.vn
contact@tvo.vn
support@tvo.vn
info@tvo.vn
press@tvo.vn
media@tvo.vn
team@tvo.vn
sales@tvo.vn
equiries@tvo.vn
help@tvo.vn
busines@tvo.vn
service@tvo.vn
career@tvo.vn
community@tvo.vn
opportunities@tvo.vn
social@pcits.com.sg
marketing@pcits.com.sg
hello@pcits.com.sg
contact@pcits.com.sg
support@pcits.com.sg
info@pcits.com.sg
press@pcits.com.sg
media@pcits.com.sg
team@pcits.com.sg
sales@pcits.com.sg
equiries@pcits.com.sg
help@pcits.com.sg
busines@pcits.com.sg
service@pcits.com.sg
career@pcits.com.sg
community@pcits.com.sg
opportunities@pcits.com.sg
social@terralogic.com
marketing@terralogic.com
hello@terralogic.com
contact@terralogic.com
support@terralogic.com
info@terralogic.com
press@terralogic.com
media@terralogic.com
team@terralogic.com
sales@terralogic.com
equiries@terralogic.com
help@terralogic.com
busines@terralogic.com
service@terralogic.com
career@terralogic.com
community@terralogic.com
opportunities@terralogic.com
social@sioux.asia
marketing@sioux.asia
hello@sioux.asia
contact@sioux.asia
support@sioux.asia
info@sioux.asia
press@sioux.asia
media@sioux.asia
team@sioux.asia
sales@sioux.asia
equiries@sioux.asia
help@sioux.asia
busines@sioux.asia
service@sioux.asia
career@sioux.asia
community@sioux.asia
opportunities@sioux.asia
social@wishbone.com.sg
marketing@wishbone.com.sg
hello@wishbone.com.sg
contact@wishbone.com.sg
support@wishbone.com.sg
info@wishbone.com.sg
press@wishbone.com.sg
media@wishbone.com.sg
team@wishbone.com.sg
sales@wishbone.com.sg
equiries@wishbone.com.sg
help@wishbone.com.sg
busines@wishbone.com.sg
service@wishbone.com.sg
career@wishbone.com.sg
community@wishbone.com.sg
opportunities@wishbone.com.sg
social@kana.co.id
marketing@kana.co.id
hello@kana.co.id
contact@kana.co.id
support@kana.co.id
info@kana.co.id
press@kana.co.id
media@kana.co.id
team@kana.co.id
sales@kana.co.id
equiries@kana.co.id
help@kana.co.id
busines@kana.co.id
service@kana.co.id
career@kana.co.id
community@kana.co.id
opportunities@kana.co.id
social@aspire.sg
marketing@aspire.sg
hello@aspire.sg
contact@aspire.sg
support@aspire.sg
info@aspire.sg
press@aspire.sg
media@aspire.sg
team@aspire.sg
sales@aspire.sg
equiries@aspire.sg
help@aspire.sg
busines@aspire.sg
service@aspire.sg
career@aspire.sg
community@aspire.sg
opportunities@aspire.sg
social@pongodev.com
marketing@pongodev.com
hello@pongodev.com
contact@pongodev.com
support@pongodev.com
info@pongodev.com
press@pongodev.com
media@pongodev.com
team@pongodev.com
sales@pongodev.com
equiries@pongodev.com
help@pongodev.com
busines@pongodev.com
service@pongodev.com
career@pongodev.com
community@pongodev.com
opportunities@pongodev.com
social@oceansoftvietnam.com
marketing@oceansoftvietnam.com
hello@oceansoftvietnam.com
contact@oceansoftvietnam.com
support@oceansoftvietnam.com
info@oceansoftvietnam.com
press@oceansoftvietnam.com
media@oceansoftvietnam.com
team@oceansoftvietnam.com
sales@oceansoftvietnam.com
equiries@oceansoftvietnam.com
help@oceansoftvietnam.com
busines@oceansoftvietnam.com
service@oceansoftvietnam.com
career@oceansoftvietnam.com
community@oceansoftvietnam.com
opportunities@oceansoftvietnam.com
social@idbtec.com
marketing@idbtec.com
hello@idbtec.com
contact@idbtec.com
support@idbtec.com
info@idbtec.com
press@idbtec.com
media@idbtec.com
team@idbtec.com
sales@idbtec.com
equiries@idbtec.com
help@idbtec.com
busines@idbtec.com
service@idbtec.com
career@idbtec.com
community@idbtec.com
opportunities@idbtec.com
social@dsc.vn
marketing@dsc.vn
hello@dsc.vn
contact@dsc.vn
support@dsc.vn
info@dsc.vn
press@dsc.vn
media@dsc.vn
team@dsc.vn
sales@dsc.vn
equiries@dsc.vn
help@dsc.vn
busines@dsc.vn
service@dsc.vn
career@dsc.vn
community@dsc.vn
opportunities@dsc.vn
social@wizerstudios.sg
marketing@wizerstudios.sg
hello@wizerstudios.sg
contact@wizerstudios.sg
support@wizerstudios.sg
info@wizerstudios.sg
press@wizerstudios.sg
media@wizerstudios.sg
team@wizerstudios.sg
sales@wizerstudios.sg
equiries@wizerstudios.sg
help@wizerstudios.sg
busines@wizerstudios.sg
service@wizerstudios.sg
career@wizerstudios.sg
community@wizerstudios.sg
opportunities@wizerstudios.sg
social@vfftech.com
marketing@vfftech.com
hello@vfftech.com
contact@vfftech.com
support@vfftech.com
info@vfftech.com
press@vfftech.com
media@vfftech.com
team@vfftech.com
sales@vfftech.com
equiries@vfftech.com
help@vfftech.com
busines@vfftech.com
service@vfftech.com
career@vfftech.com
community@vfftech.com
opportunities@vfftech.com
social@sumofy.me
marketing@sumofy.me
hello@sumofy.me
contact@sumofy.me
support@sumofy.me
info@sumofy.me
press@sumofy.me
media@sumofy.me
team@sumofy.me
sales@sumofy.me
equiries@sumofy.me
help@sumofy.me
busines@sumofy.me
service@sumofy.me
career@sumofy.me
community@sumofy.me
opportunities@sumofy.me
social@vodjo.com
marketing@vodjo.com
hello@vodjo.com
contact@vodjo.com
support@vodjo.com
info@vodjo.com
press@vodjo.com
media@vodjo.com
team@vodjo.com
sales@vodjo.com
equiries@vodjo.com
help@vodjo.com
busines@vodjo.com
service@vodjo.com
career@vodjo.com
community@vodjo.com
opportunities@vodjo.com
social@appdevelopment.com.sg
marketing@appdevelopment.com.sg
hello@appdevelopment.com.sg
contact@appdevelopment.com.sg
support@appdevelopment.com.sg
info@appdevelopment.com.sg
press@appdevelopment.com.sg
media@appdevelopment.com.sg
team@appdevelopment.com.sg
sales@appdevelopment.com.sg
equiries@appdevelopment.com.sg
help@appdevelopment.com.sg
busines@appdevelopment.com.sg
service@appdevelopment.com.sg
career@appdevelopment.com.sg
community@appdevelopment.com.sg
opportunities@appdevelopment.com.sg
social@tplusinteractive.com
marketing@tplusinteractive.com
hello@tplusinteractive.com
contact@tplusinteractive.com
support@tplusinteractive.com
info@tplusinteractive.com
press@tplusinteractive.com
media@tplusinteractive.com
team@tplusinteractive.com
sales@tplusinteractive.com
equiries@tplusinteractive.com
help@tplusinteractive.com
busines@tplusinteractive.com
service@tplusinteractive.com
career@tplusinteractive.com
community@tplusinteractive.com
opportunities@tplusinteractive.com
social@fuse.sg
marketing@fuse.sg
hello@fuse.sg
contact@fuse.sg
support@fuse.sg
info@fuse.sg
press@fuse.sg
media@fuse.sg
team@fuse.sg
sales@fuse.sg
equiries@fuse.sg
help@fuse.sg
busines@fuse.sg
service@fuse.sg
career@fuse.sg
community@fuse.sg
opportunities@fuse.sg
social@opussoft.com.sg
marketing@opussoft.com.sg
hello@opussoft.com.sg
contact@opussoft.com.sg
support@opussoft.com.sg
info@opussoft.com.sg
press@opussoft.com.sg
media@opussoft.com.sg
team@opussoft.com.sg
sales@opussoft.com.sg
equiries@opussoft.com.sg
help@opussoft.com.sg
busines@opussoft.com.sg
service@opussoft.com.sg
career@opussoft.com.sg
community@opussoft.com.sg
opportunities@opussoft.com.sg
social@bestweb.com.sg
marketing@bestweb.com.sg
hello@bestweb.com.sg
contact@bestweb.com.sg
support@bestweb.com.sg
info@bestweb.com.sg
press@bestweb.com.sg
media@bestweb.com.sg
team@bestweb.com.sg
sales@bestweb.com.sg
equiries@bestweb.com.sg
help@bestweb.com.sg
busines@bestweb.com.sg
service@bestweb.com.sg
career@bestweb.com.sg
community@bestweb.com.sg
opportunities@bestweb.com.sg
social@technologies.com
marketing@technologies.com
hello@technologies.com
contact@technologies.com
support@technologies.com
info@technologies.com
press@technologies.com
media@technologies.com
team@technologies.com
sales@technologies.com
equiries@technologies.com
help@technologies.com
busines@technologies.com
service@technologies.com
career@technologies.com
community@technologies.com
opportunities@technologies.com
social@creative.com
marketing@creative.com
hello@creative.com
contact@creative.com
support@creative.com
info@creative.com
press@creative.com
media@creative.com
team@creative.com
sales@creative.com
equiries@creative.com
help@creative.com
busines@creative.com
service@creative.com
career@creative.com
community@creative.com
opportunities@creative.com
social@navybyte.vn
marketing@navybyte.vn
hello@navybyte.vn
contact@navybyte.vn
support@navybyte.vn
info@navybyte.vn
press@navybyte.vn
media@navybyte.vn
team@navybyte.vn
sales@navybyte.vn
equiries@navybyte.vn
help@navybyte.vn
busines@navybyte.vn
service@navybyte.vn
career@navybyte.vn
community@navybyte.vn
opportunities@navybyte.vn
social@eza.com.vn
marketing@eza.com.vn
hello@eza.com.vn
contact@eza.com.vn
support@eza.com.vn
info@eza.com.vn
press@eza.com.vn
media@eza.com.vn
team@eza.com.vn
sales@eza.com.vn
equiries@eza.com.vn
help@eza.com.vn
busines@eza.com.vn
service@eza.com.vn
career@eza.com.vn
community@eza.com.vn
opportunities@eza.com.vn
social@protobulb.io
marketing@protobulb.io
hello@protobulb.io
contact@protobulb.io
support@protobulb.io
info@protobulb.io
press@protobulb.io
media@protobulb.io
team@protobulb.io
sales@protobulb.io
equiries@protobulb.io
help@protobulb.io
busines@protobulb.io
service@protobulb.io
career@protobulb.io
community@protobulb.io
opportunities@protobulb.io
social@inspius.com
marketing@inspius.com
hello@inspius.com
contact@inspius.com
support@inspius.com
info@inspius.com
press@inspius.com
media@inspius.com
team@inspius.com
sales@inspius.com
equiries@inspius.com
help@inspius.com
busines@inspius.com
service@inspius.com
career@inspius.com
community@inspius.com
opportunities@inspius.com
social@chromedia.com
marketing@chromedia.com
hello@chromedia.com
contact@chromedia.com
support@chromedia.com
info@chromedia.com
press@chromedia.com
media@chromedia.com
team@chromedia.com
sales@chromedia.com
equiries@chromedia.com
help@chromedia.com
busines@chromedia.com
service@chromedia.com
career@chromedia.com
community@chromedia.com
opportunities@chromedia.com
social@ranosys.com
marketing@ranosys.com
hello@ranosys.com
contact@ranosys.com
support@ranosys.com
info@ranosys.com
press@ranosys.com
media@ranosys.com
team@ranosys.com
sales@ranosys.com
equiries@ranosys.com
help@ranosys.com
busines@ranosys.com
service@ranosys.com
career@ranosys.com
community@ranosys.com
opportunities@ranosys.com
social@flitwebs.com
marketing@flitwebs.com
hello@flitwebs.com
contact@flitwebs.com
support@flitwebs.com
info@flitwebs.com
press@flitwebs.com
media@flitwebs.com
team@flitwebs.com
sales@flitwebs.com
equiries@flitwebs.com
help@flitwebs.com
busines@flitwebs.com
service@flitwebs.com
career@flitwebs.com
community@flitwebs.com
opportunities@flitwebs.com
social@hdwebsoft.com
marketing@hdwebsoft.com
hello@hdwebsoft.com
contact@hdwebsoft.com
support@hdwebsoft.com
info@hdwebsoft.com
press@hdwebsoft.com
media@hdwebsoft.com
team@hdwebsoft.com
sales@hdwebsoft.com
equiries@hdwebsoft.com
help@hdwebsoft.com
busines@hdwebsoft.com
service@hdwebsoft.com
career@hdwebsoft.com
community@hdwebsoft.com
opportunities@hdwebsoft.com
social@snappymob.com
marketing@snappymob.com
hello@snappymob.com
contact@snappymob.com
support@snappymob.com
info@snappymob.com
press@snappymob.com
media@snappymob.com
team@snappymob.com
sales@snappymob.com
equiries@snappymob.com
help@snappymob.com
busines@snappymob.com
service@snappymob.com
career@snappymob.com
community@snappymob.com
opportunities@snappymob.com
social@flacom.com
marketing@flacom.com
hello@flacom.com
contact@flacom.com
support@flacom.com
info@flacom.com
press@flacom.com
media@flacom.com
team@flacom.com
sales@flacom.com
equiries@flacom.com
help@flacom.com
busines@flacom.com
service@flacom.com
career@flacom.com
community@flacom.com
opportunities@flacom.com
social@dihardjasoftware.com
marketing@dihardjasoftware.com
hello@dihardjasoftware.com
contact@dihardjasoftware.com
support@dihardjasoftware.com
info@dihardjasoftware.com
press@dihardjasoftware.com
media@dihardjasoftware.com
team@dihardjasoftware.com
sales@dihardjasoftware.com
equiries@dihardjasoftware.com
help@dihardjasoftware.com
busines@dihardjasoftware.com
service@dihardjasoftware.com
career@dihardjasoftware.com
community@dihardjasoftware.com
opportunities@dihardjasoftware.com
social@agmostudio.com
marketing@agmostudio.com
hello@agmostudio.com
contact@agmostudio.com
support@agmostudio.com
info@agmostudio.com
press@agmostudio.com
media@agmostudio.com
team@agmostudio.com
sales@agmostudio.com
equiries@agmostudio.com
help@agmostudio.com
busines@agmostudio.com
service@agmostudio.com
career@agmostudio.com
community@agmostudio.com
opportunities@agmostudio.com
social@newwave.vn
marketing@newwave.vn
hello@newwave.vn
contact@newwave.vn
support@newwave.vn
info@newwave.vn
press@newwave.vn
media@newwave.vn
team@newwave.vn
sales@newwave.vn
equiries@newwave.vn
help@newwave.vn
busines@newwave.vn
service@newwave.vn
career@newwave.vn
community@newwave.vn
opportunities@newwave.vn
social@singapore.fortune-softtech.com
marketing@singapore.fortune-softtech.com
hello@singapore.fortune-softtech.com
contact@singapore.fortune-softtech.com
support@singapore.fortune-softtech.com
info@singapore.fortune-softtech.com
press@singapore.fortune-softtech.com
media@singapore.fortune-softtech.com
team@singapore.fortune-softtech.com
sales@singapore.fortune-softtech.com
equiries@singapore.fortune-softtech.com
help@singapore.fortune-softtech.com
busines@singapore.fortune-softtech.com
service@singapore.fortune-softtech.com
career@singapore.fortune-softtech.com
community@singapore.fortune-softtech.com
opportunities@singapore.fortune-softtech.com
social@highlysucceed.com
marketing@highlysucceed.com
hello@highlysucceed.com
contact@highlysucceed.com
support@highlysucceed.com
info@highlysucceed.com
press@highlysucceed.com
media@highlysucceed.com
team@highlysucceed.com
sales@highlysucceed.com
equiries@highlysucceed.com
help@highlysucceed.com
busines@highlysucceed.com
service@highlysucceed.com
career@highlysucceed.com
community@highlysucceed.com
opportunities@highlysucceed.com
social@blueninja.io
marketing@blueninja.io
hello@blueninja.io
contact@blueninja.io
support@blueninja.io
info@blueninja.io
press@blueninja.io
media@blueninja.io
team@blueninja.io
sales@blueninja.io
equiries@blueninja.io
help@blueninja.io
busines@blueninja.io
service@blueninja.io
career@blueninja.io
community@blueninja.io
opportunities@blueninja.io
social@bond.com.vn
marketing@bond.com.vn
hello@bond.com.vn
contact@bond.com.vn
support@bond.com.vn
info@bond.com.vn
press@bond.com.vn
media@bond.com.vn
team@bond.com.vn
sales@bond.com.vn
equiries@bond.com.vn
help@bond.com.vn
busines@bond.com.vn
service@bond.com.vn
career@bond.com.vn
community@bond.com.vn
opportunities@bond.com.vn
social@chimeratechnologies.com
marketing@chimeratechnologies.com
hello@chimeratechnologies.com
contact@chimeratechnologies.com
support@chimeratechnologies.com
info@chimeratechnologies.com
press@chimeratechnologies.com
media@chimeratechnologies.com
team@chimeratechnologies.com
sales@chimeratechnologies.com
equiries@chimeratechnologies.com
help@chimeratechnologies.com
busines@chimeratechnologies.com
service@chimeratechnologies.com
career@chimeratechnologies.com
community@chimeratechnologies.com
opportunities@chimeratechnologies.com
social@computaris.com
marketing@computaris.com
hello@computaris.com
contact@computaris.com
support@computaris.com
info@computaris.com
press@computaris.com
media@computaris.com
team@computaris.com
sales@computaris.com
equiries@computaris.com
help@computaris.com
busines@computaris.com
service@computaris.com
career@computaris.com
community@computaris.com
opportunities@computaris.com
social@texodesign.com.au
marketing@texodesign.com.au
hello@texodesign.com.au
contact@texodesign.com.au
support@texodesign.com.au
info@texodesign.com.au
press@texodesign.com.au
media@texodesign.com.au
team@texodesign.com.au
sales@texodesign.com.au
equiries@texodesign.com.au
help@texodesign.com.au
busines@texodesign.com.au
service@texodesign.com.au
career@texodesign.com.au
community@texodesign.com.au
opportunities@texodesign.com.au
social@searchguru.co
marketing@searchguru.co
hello@searchguru.co
contact@searchguru.co
support@searchguru.co
info@searchguru.co
press@searchguru.co
media@searchguru.co
team@searchguru.co
sales@searchguru.co
equiries@searchguru.co
help@searchguru.co
busines@searchguru.co
service@searchguru.co
career@searchguru.co
community@searchguru.co
opportunities@searchguru.co
social@unictive.com
marketing@unictive.com
hello@unictive.com
contact@unictive.com
support@unictive.com
info@unictive.com
press@unictive.com
media@unictive.com
team@unictive.com
sales@unictive.com
equiries@unictive.com
help@unictive.com
busines@unictive.com
service@unictive.com
career@unictive.com
community@unictive.com
opportunities@unictive.com
social@indovti.com
marketing@indovti.com
hello@indovti.com
contact@indovti.com
support@indovti.com
info@indovti.com
press@indovti.com
media@indovti.com
team@indovti.com
sales@indovti.com
equiries@indovti.com
help@indovti.com
busines@indovti.com
service@indovti.com
career@indovti.com
community@indovti.com
opportunities@indovti.com
social@jogo.vn
marketing@jogo.vn
hello@jogo.vn
contact@jogo.vn
support@jogo.vn
info@jogo.vn
press@jogo.vn
media@jogo.vn
team@jogo.vn
sales@jogo.vn
equiries@jogo.vn
help@jogo.vn
busines@jogo.vn
service@jogo.vn
career@jogo.vn
community@jogo.vn
opportunities@jogo.vn
social@iprospect.com
marketing@iprospect.com
hello@iprospect.com
contact@iprospect.com
support@iprospect.com
info@iprospect.com
press@iprospect.com
media@iprospect.com
team@iprospect.com
sales@iprospect.com
equiries@iprospect.com
help@iprospect.com
busines@iprospect.com
service@iprospect.com
career@iprospect.com
community@iprospect.com
opportunities@iprospect.com
social@spider.vn
marketing@spider.vn
hello@spider.vn
contact@spider.vn
support@spider.vn
info@spider.vn
press@spider.vn
media@spider.vn
team@spider.vn
sales@spider.vn
equiries@spider.vn
help@spider.vn
busines@spider.vn
service@spider.vn
career@spider.vn
community@spider.vn
opportunities@spider.vn
social@accentuate.com.sg
marketing@accentuate.com.sg
hello@accentuate.com.sg
contact@accentuate.com.sg
support@accentuate.com.sg
info@accentuate.com.sg
press@accentuate.com.sg
media@accentuate.com.sg
team@accentuate.com.sg
sales@accentuate.com.sg
equiries@accentuate.com.sg
help@accentuate.com.sg
busines@accentuate.com.sg
service@accentuate.com.sg
career@accentuate.com.sg
community@accentuate.com.sg
opportunities@accentuate.com.sg
social@nexstream.com.my
marketing@nexstream.com.my
hello@nexstream.com.my
contact@nexstream.com.my
support@nexstream.com.my
info@nexstream.com.my
press@nexstream.com.my
media@nexstream.com.my
team@nexstream.com.my
sales@nexstream.com.my
equiries@nexstream.com.my
help@nexstream.com.my
busines@nexstream.com.my
service@nexstream.com.my
career@nexstream.com.my
community@nexstream.com.my
opportunities@nexstream.com.my
social@bigin.vn
marketing@bigin.vn
hello@bigin.vn
contact@bigin.vn
support@bigin.vn
info@bigin.vn
press@bigin.vn
media@bigin.vn
team@bigin.vn
sales@bigin.vn
equiries@bigin.vn
help@bigin.vn
busines@bigin.vn
service@bigin.vn
career@bigin.vn
community@bigin.vn
opportunities@bigin.vn
social@bescosoftware.com
marketing@bescosoftware.com
hello@bescosoftware.com
contact@bescosoftware.com
support@bescosoftware.com
info@bescosoftware.com
press@bescosoftware.com
media@bescosoftware.com
team@bescosoftware.com
sales@bescosoftware.com
equiries@bescosoftware.com
help@bescosoftware.com
busines@bescosoftware.com
service@bescosoftware.com
career@bescosoftware.com
community@bescosoftware.com
opportunities@bescosoftware.com
social@devblock.net
marketing@devblock.net
hello@devblock.net
contact@devblock.net
support@devblock.net
info@devblock.net
press@devblock.net
media@devblock.net
team@devblock.net
sales@devblock.net
equiries@devblock.net
help@devblock.net
busines@devblock.net
service@devblock.net
career@devblock.net
community@devblock.net
opportunities@devblock.net
social@nuagebiz.tech
marketing@nuagebiz.tech
hello@nuagebiz.tech
contact@nuagebiz.tech
support@nuagebiz.tech
info@nuagebiz.tech
press@nuagebiz.tech
media@nuagebiz.tech
team@nuagebiz.tech
sales@nuagebiz.tech
equiries@nuagebiz.tech
help@nuagebiz.tech
busines@nuagebiz.tech
service@nuagebiz.tech
career@nuagebiz.tech
community@nuagebiz.tech
opportunities@nuagebiz.tech
social@eacomm.com
marketing@eacomm.com
hello@eacomm.com
contact@eacomm.com
support@eacomm.com
info@eacomm.com
press@eacomm.com
media@eacomm.com
team@eacomm.com
sales@eacomm.com
equiries@eacomm.com
help@eacomm.com
busines@eacomm.com
service@eacomm.com
career@eacomm.com
community@eacomm.com
opportunities@eacomm.com
social@upmobilegroup.com
marketing@upmobilegroup.com
hello@upmobilegroup.com
contact@upmobilegroup.com
support@upmobilegroup.com
info@upmobilegroup.com
press@upmobilegroup.com
media@upmobilegroup.com
team@upmobilegroup.com
sales@upmobilegroup.com
equiries@upmobilegroup.com
help@upmobilegroup.com
busines@upmobilegroup.com
service@upmobilegroup.com
career@upmobilegroup.com
community@upmobilegroup.com
opportunities@upmobilegroup.com
social@xenber.com
marketing@xenber.com
hello@xenber.com
contact@xenber.com
support@xenber.com
info@xenber.com
press@xenber.com
media@xenber.com
team@xenber.com
sales@xenber.com
equiries@xenber.com
help@xenber.com
busines@xenber.com
service@xenber.com
career@xenber.com
community@xenber.com
opportunities@xenber.com
social@teamlizer.com
marketing@teamlizer.com
hello@teamlizer.com
contact@teamlizer.com
support@teamlizer.com
info@teamlizer.com
press@teamlizer.com
media@teamlizer.com
team@teamlizer.com
sales@teamlizer.com
equiries@teamlizer.com
help@teamlizer.com
busines@teamlizer.com
service@teamlizer.com
career@teamlizer.com
community@teamlizer.com
opportunities@teamlizer.com
social@mplus.software
marketing@mplus.software
hello@mplus.software
contact@mplus.software
support@mplus.software
info@mplus.software
press@mplus.software
media@mplus.software
team@mplus.software
sales@mplus.software
equiries@mplus.software
help@mplus.software
busines@mplus.software
service@mplus.software
career@mplus.software
community@mplus.software
opportunities@mplus.software
social@cambria.com
marketing@cambria.com
hello@cambria.com
contact@cambria.com
support@cambria.com
info@cambria.com
press@cambria.com
media@cambria.com
team@cambria.com
sales@cambria.com
equiries@cambria.com
help@cambria.com
busines@cambria.com
service@cambria.com
career@cambria.com
community@cambria.com
opportunities@cambria.com
social@yoursite.sg
marketing@yoursite.sg
hello@yoursite.sg
contact@yoursite.sg
support@yoursite.sg
info@yoursite.sg
press@yoursite.sg
media@yoursite.sg
team@yoursite.sg
sales@yoursite.sg
equiries@yoursite.sg
help@yoursite.sg
busines@yoursite.sg
service@yoursite.sg
career@yoursite.sg
community@yoursite.sg
opportunities@yoursite.sg
social@netdesain.com
marketing@netdesain.com
hello@netdesain.com
contact@netdesain.com
support@netdesain.com
info@netdesain.com
press@netdesain.com
media@netdesain.com
team@netdesain.com
sales@netdesain.com
equiries@netdesain.com
help@netdesain.com
busines@netdesain.com
service@netdesain.com
career@netdesain.com
community@netdesain.com
opportunities@netdesain.com
social@cntsb.com
marketing@cntsb.com
hello@cntsb.com
contact@cntsb.com
support@cntsb.com
info@cntsb.com
press@cntsb.com
media@cntsb.com
team@cntsb.com
sales@cntsb.com
equiries@cntsb.com
help@cntsb.com
busines@cntsb.com
service@cntsb.com
career@cntsb.com
community@cntsb.com
opportunities@cntsb.com
social@apdgroup.com
marketing@apdgroup.com
hello@apdgroup.com
contact@apdgroup.com
support@apdgroup.com
info@apdgroup.com
press@apdgroup.com
media@apdgroup.com
team@apdgroup.com
sales@apdgroup.com
equiries@apdgroup.com
help@apdgroup.com
busines@apdgroup.com
service@apdgroup.com
career@apdgroup.com
community@apdgroup.com
opportunities@apdgroup.com
social@freshconsulting.com
marketing@freshconsulting.com
hello@freshconsulting.com
contact@freshconsulting.com
support@freshconsulting.com
info@freshconsulting.com
press@freshconsulting.com
media@freshconsulting.com
team@freshconsulting.com
sales@freshconsulting.com
equiries@freshconsulting.com
help@freshconsulting.com
busines@freshconsulting.com
service@freshconsulting.com
career@freshconsulting.com
community@freshconsulting.com
opportunities@freshconsulting.com
social@openwavecomp.com
marketing@openwavecomp.com
hello@openwavecomp.com
contact@openwavecomp.com
support@openwavecomp.com
info@openwavecomp.com
press@openwavecomp.com
media@openwavecomp.com
team@openwavecomp.com
sales@openwavecomp.com
equiries@openwavecomp.com
help@openwavecomp.com
busines@openwavecomp.com
service@openwavecomp.com
career@openwavecomp.com
community@openwavecomp.com
opportunities@openwavecomp.com
social@octalsoftware.com
marketing@octalsoftware.com
hello@octalsoftware.com
contact@octalsoftware.com
support@octalsoftware.com
info@octalsoftware.com
press@octalsoftware.com
media@octalsoftware.com
team@octalsoftware.com
sales@octalsoftware.com
equiries@octalsoftware.com
help@octalsoftware.com
busines@octalsoftware.com
service@octalsoftware.com
career@octalsoftware.com
community@octalsoftware.com
opportunities@octalsoftware.com
social@applify.co
marketing@applify.co
hello@applify.co
contact@applify.co
support@applify.co
info@applify.co
press@applify.co
media@applify.co
team@applify.co
sales@applify.co
equiries@applify.co
help@applify.co
busines@applify.co
service@applify.co
career@applify.co
community@applify.co
opportunities@applify.co
social@DMInc.com
marketing@DMInc.com
hello@DMInc.com
contact@DMInc.com
support@DMInc.com
info@DMInc.com
press@DMInc.com
media@DMInc.com
team@DMInc.com
sales@DMInc.com
equiries@DMInc.com
help@DMInc.com
busines@DMInc.com
service@DMInc.com
career@DMInc.com
community@DMInc.com
opportunities@DMInc.com
social@arbisoft.com
marketing@arbisoft.com
hello@arbisoft.com
contact@arbisoft.com
support@arbisoft.com
info@arbisoft.com
press@arbisoft.com
media@arbisoft.com
team@arbisoft.com
sales@arbisoft.com
equiries@arbisoft.com
help@arbisoft.com
busines@arbisoft.com
service@arbisoft.com
career@arbisoft.com
community@arbisoft.com
opportunities@arbisoft.com
social@savvycomsoftware.com
marketing@savvycomsoftware.com
hello@savvycomsoftware.com
contact@savvycomsoftware.com
support@savvycomsoftware.com
info@savvycomsoftware.com
press@savvycomsoftware.com
media@savvycomsoftware.com
team@savvycomsoftware.com
sales@savvycomsoftware.com
equiries@savvycomsoftware.com
help@savvycomsoftware.com
busines@savvycomsoftware.com
service@savvycomsoftware.com
career@savvycomsoftware.com
community@savvycomsoftware.com
opportunities@savvycomsoftware.com
social@sneakersagency.com
marketing@sneakersagency.com
hello@sneakersagency.com
contact@sneakersagency.com
support@sneakersagency.com
info@sneakersagency.com
press@sneakersagency.com
media@sneakersagency.com
team@sneakersagency.com
sales@sneakersagency.com
equiries@sneakersagency.com
help@sneakersagency.com
busines@sneakersagency.com
service@sneakersagency.com
career@sneakersagency.com
community@sneakersagency.com
opportunities@sneakersagency.com
social@singsys.com
marketing@singsys.com
hello@singsys.com
contact@singsys.com
support@singsys.com
info@singsys.com
press@singsys.com
media@singsys.com
team@singsys.com
sales@singsys.com
equiries@singsys.com
help@singsys.com
busines@singsys.com
service@singsys.com
career@singsys.com
community@singsys.com
opportunities@singsys.com
social@cognitiveclouds.com
marketing@cognitiveclouds.com
hello@cognitiveclouds.com
contact@cognitiveclouds.com
support@cognitiveclouds.com
info@cognitiveclouds.com
press@cognitiveclouds.com
media@cognitiveclouds.com
team@cognitiveclouds.com
sales@cognitiveclouds.com
equiries@cognitiveclouds.com
help@cognitiveclouds.com
busines@cognitiveclouds.com
service@cognitiveclouds.com
career@cognitiveclouds.com
community@cognitiveclouds.com
opportunities@cognitiveclouds.com
social@lab.com
marketing@lab.com
hello@lab.com
contact@lab.com
support@lab.com
info@lab.com
press@lab.com
media@lab.com
team@lab.com
sales@lab.com
equiries@lab.com
help@lab.com
busines@lab.com
service@lab.com
career@lab.com
community@lab.com
opportunities@lab.com
social@isbx.com
marketing@isbx.com
hello@isbx.com
contact@isbx.com
support@isbx.com
info@isbx.com
press@isbx.com
media@isbx.com
team@isbx.com
sales@isbx.com
equiries@isbx.com
help@isbx.com
busines@isbx.com
service@isbx.com
career@isbx.com
community@isbx.com
opportunities@isbx.com
social@nimbleappgenie.com
marketing@nimbleappgenie.com
hello@nimbleappgenie.com
contact@nimbleappgenie.com
support@nimbleappgenie.com
info@nimbleappgenie.com
press@nimbleappgenie.com
media@nimbleappgenie.com
team@nimbleappgenie.com
sales@nimbleappgenie.com
equiries@nimbleappgenie.com
help@nimbleappgenie.com
busines@nimbleappgenie.com
service@nimbleappgenie.com
career@nimbleappgenie.com
community@nimbleappgenie.com
opportunities@nimbleappgenie.com
social@ingenuity.ph
marketing@ingenuity.ph
hello@ingenuity.ph
contact@ingenuity.ph
support@ingenuity.ph
info@ingenuity.ph
press@ingenuity.ph
media@ingenuity.ph
team@ingenuity.ph
sales@ingenuity.ph
equiries@ingenuity.ph
help@ingenuity.ph
busines@ingenuity.ph
service@ingenuity.ph
career@ingenuity.ph
community@ingenuity.ph
opportunities@ingenuity.ph
social@mst.agency
marketing@mst.agency
hello@mst.agency
contact@mst.agency
support@mst.agency
info@mst.agency
press@mst.agency
media@mst.agency
team@mst.agency
sales@mst.agency
equiries@mst.agency
help@mst.agency
busines@mst.agency
service@mst.agency
career@mst.agency
community@mst.agency
opportunities@mst.agency
social@inapps.net
marketing@inapps.net
hello@inapps.net
contact@inapps.net
support@inapps.net
info@inapps.net
press@inapps.net
media@inapps.net
team@inapps.net
sales@inapps.net
equiries@inapps.net
help@inapps.net
busines@inapps.net
service@inapps.net
career@inapps.net
community@inapps.net
opportunities@inapps.net
social@devtechnosys.com
marketing@devtechnosys.com
hello@devtechnosys.com
contact@devtechnosys.com
support@devtechnosys.com
info@devtechnosys.com
press@devtechnosys.com
media@devtechnosys.com
team@devtechnosys.com
sales@devtechnosys.com
equiries@devtechnosys.com
help@devtechnosys.com
busines@devtechnosys.com
service@devtechnosys.com
career@devtechnosys.com
community@devtechnosys.com
opportunities@devtechnosys.com
social@ventuso.net
marketing@ventuso.net
hello@ventuso.net
contact@ventuso.net
support@ventuso.net
info@ventuso.net
press@ventuso.net
media@ventuso.net
team@ventuso.net
sales@ventuso.net
equiries@ventuso.net
help@ventuso.net
busines@ventuso.net
service@ventuso.net
career@ventuso.net
community@ventuso.net
opportunities@ventuso.net
social@enterprise.affle.com
marketing@enterprise.affle.com
hello@enterprise.affle.com
contact@enterprise.affle.com
support@enterprise.affle.com
info@enterprise.affle.com
press@enterprise.affle.com
media@enterprise.affle.com
team@enterprise.affle.com
sales@enterprise.affle.com
equiries@enterprise.affle.com
help@enterprise.affle.com
busines@enterprise.affle.com
service@enterprise.affle.com
career@enterprise.affle.com
community@enterprise.affle.com
opportunities@enterprise.affle.com
social@appsquadz.com
marketing@appsquadz.com
hello@appsquadz.com
contact@appsquadz.com
support@appsquadz.com
info@appsquadz.com
press@appsquadz.com
media@appsquadz.com
team@appsquadz.com
sales@appsquadz.com
equiries@appsquadz.com
help@appsquadz.com
busines@appsquadz.com
service@appsquadz.com
career@appsquadz.com
community@appsquadz.com
opportunities@appsquadz.com
social@mobiloitte.com
marketing@mobiloitte.com
hello@mobiloitte.com
contact@mobiloitte.com
support@mobiloitte.com
info@mobiloitte.com
press@mobiloitte.com
media@mobiloitte.com
team@mobiloitte.com
sales@mobiloitte.com
equiries@mobiloitte.com
help@mobiloitte.com
busines@mobiloitte.com
service@mobiloitte.com
career@mobiloitte.com
community@mobiloitte.com
opportunities@mobiloitte.com
social@netsetsoftware.com
marketing@netsetsoftware.com
hello@netsetsoftware.com
contact@netsetsoftware.com
support@netsetsoftware.com
info@netsetsoftware.com
press@netsetsoftware.com
media@netsetsoftware.com
team@netsetsoftware.com
sales@netsetsoftware.com
equiries@netsetsoftware.com
help@netsetsoftware.com
busines@netsetsoftware.com
service@netsetsoftware.com
career@netsetsoftware.com
community@netsetsoftware.com
opportunities@netsetsoftware.com
social@internut.my
marketing@internut.my
hello@internut.my
contact@internut.my
support@internut.my
info@internut.my
press@internut.my
media@internut.my
team@internut.my
sales@internut.my
equiries@internut.my
help@internut.my
busines@internut.my
service@internut.my
career@internut.my
community@internut.my
opportunities@internut.my
social@well.vn
marketing@well.vn
hello@well.vn
contact@well.vn
support@well.vn
info@well.vn
press@well.vn
media@well.vn
team@well.vn
sales@well.vn
equiries@well.vn
help@well.vn
busines@well.vn
service@well.vn
career@well.vn
community@well.vn
opportunities@well.vn
social@qsoftvietnam.com
marketing@qsoftvietnam.com
hello@qsoftvietnam.com
contact@qsoftvietnam.com
support@qsoftvietnam.com
info@qsoftvietnam.com
press@qsoftvietnam.com
media@qsoftvietnam.com
team@qsoftvietnam.com
sales@qsoftvietnam.com
equiries@qsoftvietnam.com
help@qsoftvietnam.com
busines@qsoftvietnam.com
service@qsoftvietnam.com
career@qsoftvietnam.com
community@qsoftvietnam.com
opportunities@qsoftvietnam.com
social@createl.la
marketing@createl.la
hello@createl.la
contact@createl.la
support@createl.la
info@createl.la
press@createl.la
media@createl.la
team@createl.la
sales@createl.la
equiries@createl.la
help@createl.la
busines@createl.la
service@createl.la
career@createl.la
community@createl.la
opportunities@createl.la
social@zignuts.com
marketing@zignuts.com
hello@zignuts.com
contact@zignuts.com
support@zignuts.com
info@zignuts.com
press@zignuts.com
media@zignuts.com
team@zignuts.com
sales@zignuts.com
equiries@zignuts.com
help@zignuts.com
busines@zignuts.com
service@zignuts.com
career@zignuts.com
community@zignuts.com
opportunities@zignuts.com
social@whitewidget.com
marketing@whitewidget.com
hello@whitewidget.com
contact@whitewidget.com
support@whitewidget.com
info@whitewidget.com
press@whitewidget.com
media@whitewidget.com
team@whitewidget.com
sales@whitewidget.com
equiries@whitewidget.com
help@whitewidget.com
busines@whitewidget.com
service@whitewidget.com
career@whitewidget.com
community@whitewidget.com
opportunities@whitewidget.com
social@wizeline.com
marketing@wizeline.com
hello@wizeline.com
contact@wizeline.com
support@wizeline.com
info@wizeline.com
press@wizeline.com
media@wizeline.com
team@wizeline.com
sales@wizeline.com
equiries@wizeline.com
help@wizeline.com
busines@wizeline.com
service@wizeline.com
career@wizeline.com
community@wizeline.com
opportunities@wizeline.com
social@yopeso.com
marketing@yopeso.com
hello@yopeso.com
contact@yopeso.com
support@yopeso.com
info@yopeso.com
press@yopeso.com
media@yopeso.com
team@yopeso.com
sales@yopeso.com
equiries@yopeso.com
help@yopeso.com
busines@yopeso.com
service@yopeso.com
career@yopeso.com
community@yopeso.com
opportunities@yopeso.com
social@elinext.com
marketing@elinext.com
hello@elinext.com
contact@elinext.com
support@elinext.com
info@elinext.com
press@elinext.com
media@elinext.com
team@elinext.com
sales@elinext.com
equiries@elinext.com
help@elinext.com
busines@elinext.com
service@elinext.com
career@elinext.com
community@elinext.com
opportunities@elinext.com
social@rocketech.it
marketing@rocketech.it
hello@rocketech.it
contact@rocketech.it
support@rocketech.it
info@rocketech.it
press@rocketech.it
media@rocketech.it
team@rocketech.it
sales@rocketech.it
equiries@rocketech.it
help@rocketech.it
busines@rocketech.it
service@rocketech.it
career@rocketech.it
community@rocketech.it
opportunities@rocketech.it
social@websailors.pro
marketing@websailors.pro
hello@websailors.pro
contact@websailors.pro
support@websailors.pro
info@websailors.pro
press@websailors.pro
media@websailors.pro
team@websailors.pro
sales@websailors.pro
equiries@websailors.pro
help@websailors.pro
busines@websailors.pro
service@websailors.pro
career@websailors.pro
community@websailors.pro
opportunities@websailors.pro
social@mxicoders.com
marketing@mxicoders.com
hello@mxicoders.com
contact@mxicoders.com
support@mxicoders.com
info@mxicoders.com
press@mxicoders.com
media@mxicoders.com
team@mxicoders.com
sales@mxicoders.com
equiries@mxicoders.com
help@mxicoders.com
busines@mxicoders.com
service@mxicoders.com
career@mxicoders.com
community@mxicoders.com
opportunities@mxicoders.com
social@intelegain.com
marketing@intelegain.com
hello@intelegain.com
contact@intelegain.com
support@intelegain.com
info@intelegain.com
press@intelegain.com
media@intelegain.com
team@intelegain.com
sales@intelegain.com
equiries@intelegain.com
help@intelegain.com
busines@intelegain.com
service@intelegain.com
career@intelegain.com
community@intelegain.com
opportunities@intelegain.com
social@globalline.my
marketing@globalline.my
hello@globalline.my
contact@globalline.my
support@globalline.my
info@globalline.my
press@globalline.my
media@globalline.my
team@globalline.my
sales@globalline.my
equiries@globalline.my
help@globalline.my
busines@globalline.my
service@globalline.my
career@globalline.my
community@globalline.my
opportunities@globalline.my
social@axattechnologies.com
marketing@axattechnologies.com
hello@axattechnologies.com
contact@axattechnologies.com
support@axattechnologies.com
info@axattechnologies.com
press@axattechnologies.com
media@axattechnologies.com
team@axattechnologies.com
sales@axattechnologies.com
equiries@axattechnologies.com
help@axattechnologies.com
busines@axattechnologies.com
service@axattechnologies.com
career@axattechnologies.com
community@axattechnologies.com
opportunities@axattechnologies.com
social@cmc.com.vn
marketing@cmc.com.vn
hello@cmc.com.vn
contact@cmc.com.vn
support@cmc.com.vn
info@cmc.com.vn
press@cmc.com.vn
media@cmc.com.vn
team@cmc.com.vn
sales@cmc.com.vn
equiries@cmc.com.vn
help@cmc.com.vn
busines@cmc.com.vn
service@cmc.com.vn
career@cmc.com.vn
community@cmc.com.vn
opportunities@cmc.com.vn
social@waverleysoftware.com
marketing@waverleysoftware.com
hello@waverleysoftware.com
contact@waverleysoftware.com
support@waverleysoftware.com
info@waverleysoftware.com
press@waverleysoftware.com
media@waverleysoftware.com
team@waverleysoftware.com
sales@waverleysoftware.com
equiries@waverleysoftware.com
help@waverleysoftware.com
busines@waverleysoftware.com
service@waverleysoftware.com
career@waverleysoftware.com
community@waverleysoftware.com
opportunities@waverleysoftware.com
social@upstackstudio.com
marketing@upstackstudio.com
hello@upstackstudio.com
contact@upstackstudio.com
support@upstackstudio.com
info@upstackstudio.com
press@upstackstudio.com
media@upstackstudio.com
team@upstackstudio.com
sales@upstackstudio.com
equiries@upstackstudio.com
help@upstackstudio.com
busines@upstackstudio.com
service@upstackstudio.com
career@upstackstudio.com
community@upstackstudio.com
opportunities@upstackstudio.com
social@buuuk.com
marketing@buuuk.com
hello@buuuk.com
contact@buuuk.com
support@buuuk.com
info@buuuk.com
press@buuuk.com
media@buuuk.com
team@buuuk.com
sales@buuuk.com
equiries@buuuk.com
help@buuuk.com
busines@buuuk.com
service@buuuk.com
career@buuuk.com
community@buuuk.com
opportunities@buuuk.com
social@fooyo.sg
marketing@fooyo.sg
hello@fooyo.sg
contact@fooyo.sg
support@fooyo.sg
info@fooyo.sg
press@fooyo.sg
media@fooyo.sg
team@fooyo.sg
sales@fooyo.sg
equiries@fooyo.sg
help@fooyo.sg
busines@fooyo.sg
service@fooyo.sg
career@fooyo.sg
community@fooyo.sg
opportunities@fooyo.sg
social@lizard.global
marketing@lizard.global
hello@lizard.global
contact@lizard.global
support@lizard.global
info@lizard.global
press@lizard.global
media@lizard.global
team@lizard.global
sales@lizard.global
equiries@lizard.global
help@lizard.global
busines@lizard.global
service@lizard.global
career@lizard.global
community@lizard.global
opportunities@lizard.global
social@siclo-mobile.com
marketing@siclo-mobile.com
hello@siclo-mobile.com
contact@siclo-mobile.com
support@siclo-mobile.com
info@siclo-mobile.com
press@siclo-mobile.com
media@siclo-mobile.com
team@siclo-mobile.com
sales@siclo-mobile.com
equiries@siclo-mobile.com
help@siclo-mobile.com
busines@siclo-mobile.com
service@siclo-mobile.com
career@siclo-mobile.com
community@siclo-mobile.com
opportunities@siclo-mobile.com
social@leanstartlab.com
marketing@leanstartlab.com
hello@leanstartlab.com
contact@leanstartlab.com
support@leanstartlab.com
info@leanstartlab.com
press@leanstartlab.com
media@leanstartlab.com
team@leanstartlab.com
sales@leanstartlab.com
equiries@leanstartlab.com
help@leanstartlab.com
busines@leanstartlab.com
service@leanstartlab.com
career@leanstartlab.com
community@leanstartlab.com
opportunities@leanstartlab.com
social@thinkpower.info
marketing@thinkpower.info
hello@thinkpower.info
contact@thinkpower.info
support@thinkpower.info
info@thinkpower.info
press@thinkpower.info
media@thinkpower.info
team@thinkpower.info
sales@thinkpower.info
equiries@thinkpower.info
help@thinkpower.info
busines@thinkpower.info
service@thinkpower.info
career@thinkpower.info
community@thinkpower.info
opportunities@thinkpower.info
social@zenovoir.com
marketing@zenovoir.com
hello@zenovoir.com
contact@zenovoir.com
support@zenovoir.com
info@zenovoir.com
press@zenovoir.com
media@zenovoir.com
team@zenovoir.com
sales@zenovoir.com
equiries@zenovoir.com
help@zenovoir.com
busines@zenovoir.com
service@zenovoir.com
career@zenovoir.com
community@zenovoir.com
opportunities@zenovoir.com
social@powergatesoftware.com
marketing@powergatesoftware.com
hello@powergatesoftware.com
contact@powergatesoftware.com
support@powergatesoftware.com
info@powergatesoftware.com
press@powergatesoftware.com
media@powergatesoftware.com
team@powergatesoftware.com
sales@powergatesoftware.com
equiries@powergatesoftware.com
help@powergatesoftware.com
busines@powergatesoftware.com
service@powergatesoftware.com
career@powergatesoftware.com
community@powergatesoftware.com
opportunities@powergatesoftware.com
social@agilityio.com
marketing@agilityio.com
hello@agilityio.com
contact@agilityio.com
support@agilityio.com
info@agilityio.com
press@agilityio.com
media@agilityio.com
team@agilityio.com
sales@agilityio.com
equiries@agilityio.com
help@agilityio.com
busines@agilityio.com
service@agilityio.com
career@agilityio.com
community@agilityio.com
opportunities@agilityio.com
social@iwa.fi
marketing@iwa.fi
hello@iwa.fi
contact@iwa.fi
support@iwa.fi
info@iwa.fi
press@iwa.fi
media@iwa.fi
team@iwa.fi
sales@iwa.fi
equiries@iwa.fi
help@iwa.fi
busines@iwa.fi
service@iwa.fi
career@iwa.fi
community@iwa.fi
opportunities@iwa.fi
social@amaris.com
marketing@amaris.com
hello@amaris.com
contact@amaris.com
support@amaris.com
info@amaris.com
press@amaris.com
media@amaris.com
team@amaris.com
sales@amaris.com
equiries@amaris.com
help@amaris.com
busines@amaris.com
service@amaris.com
career@amaris.com
community@amaris.com
opportunities@amaris.com
social@surialabs.com
marketing@surialabs.com
hello@surialabs.com
contact@surialabs.com
support@surialabs.com
info@surialabs.com
press@surialabs.com
media@surialabs.com
team@surialabs.com
sales@surialabs.com
equiries@surialabs.com
help@surialabs.com
busines@surialabs.com
service@surialabs.com
career@surialabs.com
community@surialabs.com
opportunities@surialabs.com
social@originallyus.sg
marketing@originallyus.sg
hello@originallyus.sg
contact@originallyus.sg
support@originallyus.sg
info@originallyus.sg
press@originallyus.sg
media@originallyus.sg
team@originallyus.sg
sales@originallyus.sg
equiries@originallyus.sg
help@originallyus.sg
busines@originallyus.sg
service@originallyus.sg
career@originallyus.sg
community@originallyus.sg
opportunities@originallyus.sg
social@AppGuys.com
marketing@AppGuys.com
hello@AppGuys.com
contact@AppGuys.com
support@AppGuys.com
info@AppGuys.com
press@AppGuys.com
media@AppGuys.com
team@AppGuys.com
sales@AppGuys.com
equiries@AppGuys.com
help@AppGuys.com
busines@AppGuys.com
service@AppGuys.com
career@AppGuys.com
community@AppGuys.com
opportunities@AppGuys.com
social@systematixinfotech.com
marketing@systematixinfotech.com
hello@systematixinfotech.com
contact@systematixinfotech.com
support@systematixinfotech.com
info@systematixinfotech.com
press@systematixinfotech.com
media@systematixinfotech.com
team@systematixinfotech.com
sales@systematixinfotech.com
equiries@systematixinfotech.com
help@systematixinfotech.com
busines@systematixinfotech.com
service@systematixinfotech.com
career@systematixinfotech.com
community@systematixinfotech.com
opportunities@systematixinfotech.com
social@kaisoftware.io
marketing@kaisoftware.io
hello@kaisoftware.io
contact@kaisoftware.io
support@kaisoftware.io
info@kaisoftware.io
press@kaisoftware.io
media@kaisoftware.io
team@kaisoftware.io
sales@kaisoftware.io
equiries@kaisoftware.io
help@kaisoftware.io
busines@kaisoftware.io
service@kaisoftware.io
career@kaisoftware.io
community@kaisoftware.io
opportunities@kaisoftware.io
social@omsoftware.net
marketing@omsoftware.net
hello@omsoftware.net
contact@omsoftware.net
support@omsoftware.net
info@omsoftware.net
press@omsoftware.net
media@omsoftware.net
team@omsoftware.net
sales@omsoftware.net
equiries@omsoftware.net
help@omsoftware.net
busines@omsoftware.net
service@omsoftware.net
career@omsoftware.net
community@omsoftware.net
opportunities@omsoftware.net
social@smartdev.vn
marketing@smartdev.vn
hello@smartdev.vn
contact@smartdev.vn
support@smartdev.vn
info@smartdev.vn
press@smartdev.vn
media@smartdev.vn
team@smartdev.vn
sales@smartdev.vn
equiries@smartdev.vn
help@smartdev.vn
busines@smartdev.vn
service@smartdev.vn
career@smartdev.vn
community@smartdev.vn
opportunities@smartdev.vn
social@gomeeki.com
marketing@gomeeki.com
hello@gomeeki.com
contact@gomeeki.com
support@gomeeki.com
info@gomeeki.com
press@gomeeki.com
media@gomeeki.com
team@gomeeki.com
sales@gomeeki.com
equiries@gomeeki.com
help@gomeeki.com
busines@gomeeki.com
service@gomeeki.com
career@gomeeki.com
community@gomeeki.com
opportunities@gomeeki.com
social@popcornapps.com
marketing@popcornapps.com
hello@popcornapps.com
contact@popcornapps.com
support@popcornapps.com
info@popcornapps.com
press@popcornapps.com
media@popcornapps.com
team@popcornapps.com
sales@popcornapps.com
equiries@popcornapps.com
help@popcornapps.com
busines@popcornapps.com
service@popcornapps.com
career@popcornapps.com
community@popcornapps.com
opportunities@popcornapps.com
social@appworksinc.com
marketing@appworksinc.com
hello@appworksinc.com
contact@appworksinc.com
support@appworksinc.com
info@appworksinc.com
press@appworksinc.com
media@appworksinc.com
team@appworksinc.com
sales@appworksinc.com
equiries@appworksinc.com
help@appworksinc.com
busines@appworksinc.com
service@appworksinc.com
career@appworksinc.com
community@appworksinc.com
opportunities@appworksinc.com
social@vinova.sg
marketing@vinova.sg
hello@vinova.sg
contact@vinova.sg
support@vinova.sg
info@vinova.sg
press@vinova.sg
media@vinova.sg
team@vinova.sg
sales@vinova.sg
equiries@vinova.sg
help@vinova.sg
busines@vinova.sg
service@vinova.sg
career@vinova.sg
community@vinova.sg
opportunities@vinova.sg
social@quodisys.com
marketing@quodisys.com
hello@quodisys.com
contact@quodisys.com
support@quodisys.com
info@quodisys.com
press@quodisys.com
media@quodisys.com
team@quodisys.com
sales@quodisys.com
equiries@quodisys.com
help@quodisys.com
busines@quodisys.com
service@quodisys.com
career@quodisys.com
community@quodisys.com
opportunities@quodisys.com
social@vmodev.com
marketing@vmodev.com
hello@vmodev.com
contact@vmodev.com
support@vmodev.com
info@vmodev.com
press@vmodev.com
media@vmodev.com
team@vmodev.com
sales@vmodev.com
equiries@vmodev.com
help@vmodev.com
busines@vmodev.com
service@vmodev.com
career@vmodev.com
community@vmodev.com
opportunities@vmodev.com
social@arcanys.com
marketing@arcanys.com
hello@arcanys.com
contact@arcanys.com
support@arcanys.com
info@arcanys.com
press@arcanys.com
media@arcanys.com
team@arcanys.com
sales@arcanys.com
equiries@arcanys.com
help@arcanys.com
busines@arcanys.com
service@arcanys.com
career@arcanys.com
community@arcanys.com
opportunities@arcanys.com
social@pycogroup.com
marketing@pycogroup.com
hello@pycogroup.com
contact@pycogroup.com
support@pycogroup.com
info@pycogroup.com
press@pycogroup.com
media@pycogroup.com
team@pycogroup.com
sales@pycogroup.com
equiries@pycogroup.com
help@pycogroup.com
busines@pycogroup.com
service@pycogroup.com
career@pycogroup.com
community@pycogroup.com
opportunities@pycogroup.com
social@digifutura.com
marketing@digifutura.com
hello@digifutura.com
contact@digifutura.com
support@digifutura.com
info@digifutura.com
press@digifutura.com
media@digifutura.com
team@digifutura.com
sales@digifutura.com
equiries@digifutura.com
help@digifutura.com
busines@digifutura.com
service@digifutura.com
career@digifutura.com
community@digifutura.com
opportunities@digifutura.com
social@devcrew.io
marketing@devcrew.io
hello@devcrew.io
contact@devcrew.io
support@devcrew.io
info@devcrew.io
press@devcrew.io
media@devcrew.io
team@devcrew.io
sales@devcrew.io
equiries@devcrew.io
help@devcrew.io
busines@devcrew.io
service@devcrew.io
career@devcrew.io
community@devcrew.io
opportunities@devcrew.io
social@appscyclone.com
marketing@appscyclone.com
hello@appscyclone.com
contact@appscyclone.com
support@appscyclone.com
info@appscyclone.com
press@appscyclone.com
media@appscyclone.com
team@appscyclone.com
sales@appscyclone.com
equiries@appscyclone.com
help@appscyclone.com
busines@appscyclone.com
service@appscyclone.com
career@appscyclone.com
community@appscyclone.com
opportunities@appscyclone.com
social@hiruntec.com
marketing@hiruntec.com
hello@hiruntec.com
contact@hiruntec.com
support@hiruntec.com
info@hiruntec.com
press@hiruntec.com
media@hiruntec.com
team@hiruntec.com
sales@hiruntec.com
equiries@hiruntec.com
help@hiruntec.com
busines@hiruntec.com
service@hiruntec.com
career@hiruntec.com
community@hiruntec.com
opportunities@hiruntec.com
social@adamodigital.com
marketing@adamodigital.com
hello@adamodigital.com
contact@adamodigital.com
support@adamodigital.com
info@adamodigital.com
press@adamodigital.com
media@adamodigital.com
team@adamodigital.com
sales@adamodigital.com
equiries@adamodigital.com
help@adamodigital.com
busines@adamodigital.com
service@adamodigital.com
career@adamodigital.com
community@adamodigital.com
opportunities@adamodigital.com
social@nfq.lt
marketing@nfq.lt
hello@nfq.lt
contact@nfq.lt
support@nfq.lt
info@nfq.lt
press@nfq.lt
media@nfq.lt
team@nfq.lt
sales@nfq.lt
equiries@nfq.lt
help@nfq.lt
busines@nfq.lt
service@nfq.lt
career@nfq.lt
community@nfq.lt
opportunities@nfq.lt
social@tigren.com
marketing@tigren.com
hello@tigren.com
contact@tigren.com
support@tigren.com
info@tigren.com
press@tigren.com
media@tigren.com
team@tigren.com
sales@tigren.com
equiries@tigren.com
help@tigren.com
busines@tigren.com
service@tigren.com
career@tigren.com
community@tigren.com
opportunities@tigren.com
social@beetsoft.com.vn
marketing@beetsoft.com.vn
hello@beetsoft.com.vn
contact@beetsoft.com.vn
support@beetsoft.com.vn
info@beetsoft.com.vn
press@beetsoft.com.vn
media@beetsoft.com.vn
team@beetsoft.com.vn
sales@beetsoft.com.vn
equiries@beetsoft.com.vn
help@beetsoft.com.vn
busines@beetsoft.com.vn
service@beetsoft.com.vn
career@beetsoft.com.vn
community@beetsoft.com.vn
opportunities@beetsoft.com.vn
social@locksteplabs.com
marketing@locksteplabs.com
hello@locksteplabs.com
contact@locksteplabs.com
support@locksteplabs.com
info@locksteplabs.com
press@locksteplabs.com
media@locksteplabs.com
team@locksteplabs.com
sales@locksteplabs.com
equiries@locksteplabs.com
help@locksteplabs.com
busines@locksteplabs.com
service@locksteplabs.com
career@locksteplabs.com
community@locksteplabs.com
opportunities@locksteplabs.com
social@twentysixdigital.com
marketing@twentysixdigital.com
hello@twentysixdigital.com
contact@twentysixdigital.com
support@twentysixdigital.com
info@twentysixdigital.com
press@twentysixdigital.com
media@twentysixdigital.com
team@twentysixdigital.com
sales@twentysixdigital.com
equiries@twentysixdigital.com
help@twentysixdigital.com
busines@twentysixdigital.com
service@twentysixdigital.com
career@twentysixdigital.com
community@twentysixdigital.com
opportunities@twentysixdigital.com
social@icehousecorp.com
marketing@icehousecorp.com
hello@icehousecorp.com
contact@icehousecorp.com
support@icehousecorp.com
info@icehousecorp.com
press@icehousecorp.com
media@icehousecorp.com
team@icehousecorp.com
sales@icehousecorp.com
equiries@icehousecorp.com
help@icehousecorp.com
busines@icehousecorp.com
service@icehousecorp.com
career@icehousecorp.com
community@icehousecorp.com
opportunities@icehousecorp.com
social@inspilab.com
marketing@inspilab.com
hello@inspilab.com
contact@inspilab.com
support@inspilab.com
info@inspilab.com
press@inspilab.com
media@inspilab.com
team@inspilab.com
sales@inspilab.com
equiries@inspilab.com
help@inspilab.com
busines@inspilab.com
service@inspilab.com
career@inspilab.com
community@inspilab.com
opportunities@inspilab.com
social@eztek.vn
marketing@eztek.vn
hello@eztek.vn
contact@eztek.vn
support@eztek.vn
info@eztek.vn
press@eztek.vn
media@eztek.vn
team@eztek.vn
sales@eztek.vn
equiries@eztek.vn
help@eztek.vn
busines@eztek.vn
service@eztek.vn
career@eztek.vn
community@eztek.vn
opportunities@eztek.vn
social@software.com
marketing@software.com
hello@software.com
contact@software.com
support@software.com
info@software.com
press@software.com
media@software.com
team@software.com
sales@software.com
equiries@software.com
help@software.com
busines@software.com
service@software.com
career@software.com
community@software.com
opportunities@software.com
social@ecinfosolutions.com
marketing@ecinfosolutions.com
hello@ecinfosolutions.com
contact@ecinfosolutions.com
support@ecinfosolutions.com
info@ecinfosolutions.com
press@ecinfosolutions.com
media@ecinfosolutions.com
team@ecinfosolutions.com
sales@ecinfosolutions.com
equiries@ecinfosolutions.com
help@ecinfosolutions.com
busines@ecinfosolutions.com
service@ecinfosolutions.com
career@ecinfosolutions.com
community@ecinfosolutions.com
opportunities@ecinfosolutions.com
social@bordwalk.com
marketing@bordwalk.com
hello@bordwalk.com
contact@bordwalk.com
support@bordwalk.com
info@bordwalk.com
press@bordwalk.com
media@bordwalk.com
team@bordwalk.com
sales@bordwalk.com
equiries@bordwalk.com
help@bordwalk.com
busines@bordwalk.com
service@bordwalk.com
career@bordwalk.com
community@bordwalk.com
opportunities@bordwalk.com
social@bridgetech.co.id
marketing@bridgetech.co.id
hello@bridgetech.co.id
contact@bridgetech.co.id
support@bridgetech.co.id
info@bridgetech.co.id
press@bridgetech.co.id
media@bridgetech.co.id
team@bridgetech.co.id
sales@bridgetech.co.id
equiries@bridgetech.co.id
help@bridgetech.co.id
busines@bridgetech.co.id
service@bridgetech.co.id
career@bridgetech.co.id
community@bridgetech.co.id
opportunities@bridgetech.co.id
social@shockmediastudio.com
marketing@shockmediastudio.com
hello@shockmediastudio.com
contact@shockmediastudio.com
support@shockmediastudio.com
info@shockmediastudio.com
press@shockmediastudio.com
media@shockmediastudio.com
team@shockmediastudio.com
sales@shockmediastudio.com
equiries@shockmediastudio.com
help@shockmediastudio.com
busines@shockmediastudio.com
service@shockmediastudio.com
career@shockmediastudio.com
community@shockmediastudio.com
opportunities@shockmediastudio.com
social@somoglobal.com
marketing@somoglobal.com
hello@somoglobal.com
contact@somoglobal.com
support@somoglobal.com
info@somoglobal.com
press@somoglobal.com
media@somoglobal.com
team@somoglobal.com
sales@somoglobal.com
equiries@somoglobal.com
help@somoglobal.com
busines@somoglobal.com
service@somoglobal.com
career@somoglobal.com
community@somoglobal.com
opportunities@somoglobal.com
social@creitive.com
marketing@creitive.com
hello@creitive.com
contact@creitive.com
support@creitive.com
info@creitive.com
press@creitive.com
media@creitive.com
team@creitive.com
sales@creitive.com
equiries@creitive.com
help@creitive.com
busines@creitive.com
service@creitive.com
career@creitive.com
community@creitive.com
opportunities@creitive.com
social@letsnurture.com
marketing@letsnurture.com
hello@letsnurture.com
contact@letsnurture.com
support@letsnurture.com
info@letsnurture.com
press@letsnurture.com
media@letsnurture.com
team@letsnurture.com
sales@letsnurture.com
equiries@letsnurture.com
help@letsnurture.com
busines@letsnurture.com
service@letsnurture.com
career@letsnurture.com
community@letsnurture.com
opportunities@letsnurture.com
social@numeroeins.com
marketing@numeroeins.com
hello@numeroeins.com
contact@numeroeins.com
support@numeroeins.com
info@numeroeins.com
press@numeroeins.com
media@numeroeins.com
team@numeroeins.com
sales@numeroeins.com
equiries@numeroeins.com
help@numeroeins.com
busines@numeroeins.com
service@numeroeins.com
career@numeroeins.com
community@numeroeins.com
opportunities@numeroeins.com
social@reliasoftware.com
marketing@reliasoftware.com
hello@reliasoftware.com
contact@reliasoftware.com
support@reliasoftware.com
info@reliasoftware.com
press@reliasoftware.com
media@reliasoftware.com
team@reliasoftware.com
sales@reliasoftware.com
equiries@reliasoftware.com
help@reliasoftware.com
busines@reliasoftware.com
service@reliasoftware.com
career@reliasoftware.com
community@reliasoftware.com
opportunities@reliasoftware.com
social@acmex.co
marketing@acmex.co
hello@acmex.co
contact@acmex.co
support@acmex.co
info@acmex.co
press@acmex.co
media@acmex.co
team@acmex.co
sales@acmex.co
equiries@acmex.co
help@acmex.co
busines@acmex.co
service@acmex.co
career@acmex.co
community@acmex.co
opportunities@acmex.co
social@bocasay.com
marketing@bocasay.com
hello@bocasay.com
contact@bocasay.com
support@bocasay.com
info@bocasay.com
press@bocasay.com
media@bocasay.com
team@bocasay.com
sales@bocasay.com
equiries@bocasay.com
help@bocasay.com
busines@bocasay.com
service@bocasay.com
career@bocasay.com
community@bocasay.com
opportunities@bocasay.com
social@virtualspirit.me
marketing@virtualspirit.me
hello@virtualspirit.me
contact@virtualspirit.me
support@virtualspirit.me
info@virtualspirit.me
press@virtualspirit.me
media@virtualspirit.me
team@virtualspirit.me
sales@virtualspirit.me
equiries@virtualspirit.me
help@virtualspirit.me
busines@virtualspirit.me
service@virtualspirit.me
career@virtualspirit.me
community@virtualspirit.me
opportunities@virtualspirit.me
social@align.vn
marketing@align.vn
hello@align.vn
contact@align.vn
support@align.vn
info@align.vn
press@align.vn
media@align.vn
team@align.vn
sales@align.vn
equiries@align.vn
help@align.vn
busines@align.vn
service@align.vn
career@align.vn
community@align.vn
opportunities@align.vn
social@skuberg.com
marketing@skuberg.com
hello@skuberg.com
contact@skuberg.com
support@skuberg.com
info@skuberg.com
press@skuberg.com
media@skuberg.com
team@skuberg.com
sales@skuberg.com
equiries@skuberg.com
help@skuberg.com
busines@skuberg.com
service@skuberg.com
career@skuberg.com
community@skuberg.com
opportunities@skuberg.com
social@suriainternational.com
marketing@suriainternational.com
hello@suriainternational.com
contact@suriainternational.com
support@suriainternational.com
info@suriainternational.com
press@suriainternational.com
media@suriainternational.com
team@suriainternational.com
sales@suriainternational.com
equiries@suriainternational.com
help@suriainternational.com
busines@suriainternational.com
service@suriainternational.com
career@suriainternational.com
community@suriainternational.com
opportunities@suriainternational.com
social@perfomatix.com
marketing@perfomatix.com
hello@perfomatix.com
contact@perfomatix.com
support@perfomatix.com
info@perfomatix.com
press@perfomatix.com
media@perfomatix.com
team@perfomatix.com
sales@perfomatix.com
equiries@perfomatix.com
help@perfomatix.com
busines@perfomatix.com
service@perfomatix.com
career@perfomatix.com
community@perfomatix.com
opportunities@perfomatix.com
social@webcrayons.biz
marketing@webcrayons.biz
hello@webcrayons.biz
contact@webcrayons.biz
support@webcrayons.biz
info@webcrayons.biz
press@webcrayons.biz
media@webcrayons.biz
team@webcrayons.biz
sales@webcrayons.biz
equiries@webcrayons.biz
help@webcrayons.biz
busines@webcrayons.biz
service@webcrayons.biz
career@webcrayons.biz
community@webcrayons.biz
opportunities@webcrayons.biz
social@zapbuild.com
marketing@zapbuild.com
hello@zapbuild.com
contact@zapbuild.com
support@zapbuild.com
info@zapbuild.com
press@zapbuild.com
media@zapbuild.com
team@zapbuild.com
sales@zapbuild.com
equiries@zapbuild.com
help@zapbuild.com
busines@zapbuild.com
service@zapbuild.com
career@zapbuild.com
community@zapbuild.com
opportunities@zapbuild.com
social@xminds.com
marketing@xminds.com
hello@xminds.com
contact@xminds.com
support@xminds.com
info@xminds.com
press@xminds.com
media@xminds.com
team@xminds.com
sales@xminds.com
equiries@xminds.com
help@xminds.com
busines@xminds.com
service@xminds.com
career@xminds.com
community@xminds.com
opportunities@xminds.com
social@seta-international.com
marketing@seta-international.com
hello@seta-international.com
contact@seta-international.com
support@seta-international.com
info@seta-international.com
press@seta-international.com
media@seta-international.com
team@seta-international.com
sales@seta-international.com
equiries@seta-international.com
help@seta-international.com
busines@seta-international.com
service@seta-international.com
career@seta-international.com
community@seta-international.com
opportunities@seta-international.com
social@jankosoft.com
marketing@jankosoft.com
hello@jankosoft.com
contact@jankosoft.com
support@jankosoft.com
info@jankosoft.com
press@jankosoft.com
media@jankosoft.com
team@jankosoft.com
sales@jankosoft.com
equiries@jankosoft.com
help@jankosoft.com
busines@jankosoft.com
service@jankosoft.com
career@jankosoft.com
community@jankosoft.com
opportunities@jankosoft.com
social@axonactive.com
marketing@axonactive.com
hello@axonactive.com
contact@axonactive.com
support@axonactive.com
info@axonactive.com
press@axonactive.com
media@axonactive.com
team@axonactive.com
sales@axonactive.com
equiries@axonactive.com
help@axonactive.com
busines@axonactive.com
service@axonactive.com
career@axonactive.com
community@axonactive.com
opportunities@axonactive.com
social@access-itech.com
marketing@access-itech.com
hello@access-itech.com
contact@access-itech.com
support@access-itech.com
info@access-itech.com
press@access-itech.com
media@access-itech.com
team@access-itech.com
sales@access-itech.com
equiries@access-itech.com
help@access-itech.com
busines@access-itech.com
service@access-itech.com
career@access-itech.com
community@access-itech.com
opportunities@access-itech.com
social@linxhq.com
marketing@linxhq.com
hello@linxhq.com
contact@linxhq.com
support@linxhq.com
info@linxhq.com
press@linxhq.com
media@linxhq.com
team@linxhq.com
sales@linxhq.com
equiries@linxhq.com
help@linxhq.com
busines@linxhq.com
service@linxhq.com
career@linxhq.com
community@linxhq.com
opportunities@linxhq.com
social@robusttechhouse.com
marketing@robusttechhouse.com
hello@robusttechhouse.com
contact@robusttechhouse.com
support@robusttechhouse.com
info@robusttechhouse.com
press@robusttechhouse.com
media@robusttechhouse.com
team@robusttechhouse.com
sales@robusttechhouse.com
equiries@robusttechhouse.com
help@robusttechhouse.com
busines@robusttechhouse.com
service@robusttechhouse.com
career@robusttechhouse.com
community@robusttechhouse.com
opportunities@robusttechhouse.com
social@software.com
marketing@software.com
hello@software.com
contact@software.com
support@software.com
info@software.com
press@software.com
media@software.com
team@software.com
sales@software.com
equiries@software.com
help@software.com
busines@software.com
service@software.com
career@software.com
community@software.com
opportunities@software.com
social@pragtechnologies.com
marketing@pragtechnologies.com
hello@pragtechnologies.com
contact@pragtechnologies.com
support@pragtechnologies.com
info@pragtechnologies.com
press@pragtechnologies.com
media@pragtechnologies.com
team@pragtechnologies.com
sales@pragtechnologies.com
equiries@pragtechnologies.com
help@pragtechnologies.com
busines@pragtechnologies.com
service@pragtechnologies.com
career@pragtechnologies.com
community@pragtechnologies.com
opportunities@pragtechnologies.com
social@bachasoftware.com
marketing@bachasoftware.com
hello@bachasoftware.com
contact@bachasoftware.com
support@bachasoftware.com
info@bachasoftware.com
press@bachasoftware.com
media@bachasoftware.com
team@bachasoftware.com
sales@bachasoftware.com
equiries@bachasoftware.com
help@bachasoftware.com
busines@bachasoftware.com
service@bachasoftware.com
career@bachasoftware.com
community@bachasoftware.com
opportunities@bachasoftware.com
social@mmda.com.br
marketing@mmda.com.br
hello@mmda.com.br
contact@mmda.com.br
support@mmda.com.br
info@mmda.com.br
press@mmda.com.br
media@mmda.com.br
team@mmda.com.br
sales@mmda.com.br
equiries@mmda.com.br
help@mmda.com.br
busines@mmda.com.br
service@mmda.com.br
career@mmda.com.br
community@mmda.com.br
opportunities@mmda.com.br
social@ingic.com
marketing@ingic.com
hello@ingic.com
contact@ingic.com
support@ingic.com
info@ingic.com
press@ingic.com
media@ingic.com
team@ingic.com
sales@ingic.com
equiries@ingic.com
help@ingic.com
busines@ingic.com
service@ingic.com
career@ingic.com
community@ingic.com
opportunities@ingic.com
social@arfadia.com
marketing@arfadia.com
hello@arfadia.com
contact@arfadia.com
support@arfadia.com
info@arfadia.com
press@arfadia.com
media@arfadia.com
team@arfadia.com
sales@arfadia.com
equiries@arfadia.com
help@arfadia.com
busines@arfadia.com
service@arfadia.com
career@arfadia.com
community@arfadia.com
opportunities@arfadia.com
social@softwareassociates.in
marketing@softwareassociates.in
hello@softwareassociates.in
contact@softwareassociates.in
support@softwareassociates.in
info@softwareassociates.in
press@softwareassociates.in
media@softwareassociates.in
team@softwareassociates.in
sales@softwareassociates.in
equiries@softwareassociates.in
help@softwareassociates.in
busines@softwareassociates.in
service@softwareassociates.in
career@softwareassociates.in
community@softwareassociates.in
opportunities@softwareassociates.in
social@fabatechnology.com
marketing@fabatechnology.com
hello@fabatechnology.com
contact@fabatechnology.com
support@fabatechnology.com
info@fabatechnology.com
press@fabatechnology.com
media@fabatechnology.com
team@fabatechnology.com
sales@fabatechnology.com
equiries@fabatechnology.com
help@fabatechnology.com
busines@fabatechnology.com
service@fabatechnology.com
career@fabatechnology.com
community@fabatechnology.com
opportunities@fabatechnology.com
social@sennalabs.com
marketing@sennalabs.com
hello@sennalabs.com
contact@sennalabs.com
support@sennalabs.com
info@sennalabs.com
press@sennalabs.com
media@sennalabs.com
team@sennalabs.com
sales@sennalabs.com
equiries@sennalabs.com
help@sennalabs.com
busines@sennalabs.com
service@sennalabs.com
career@sennalabs.com
community@sennalabs.com
opportunities@sennalabs.com
social@outsourcify.net
marketing@outsourcify.net
hello@outsourcify.net
contact@outsourcify.net
support@outsourcify.net
info@outsourcify.net
press@outsourcify.net
media@outsourcify.net
team@outsourcify.net
sales@outsourcify.net
equiries@outsourcify.net
help@outsourcify.net
busines@outsourcify.net
service@outsourcify.net
career@outsourcify.net
community@outsourcify.net
opportunities@outsourcify.net
social@rootsquaretechnologies.com
marketing@rootsquaretechnologies.com
hello@rootsquaretechnologies.com
contact@rootsquaretechnologies.com
support@rootsquaretechnologies.com
info@rootsquaretechnologies.com
press@rootsquaretechnologies.com
media@rootsquaretechnologies.com
team@rootsquaretechnologies.com
sales@rootsquaretechnologies.com
equiries@rootsquaretechnologies.com
help@rootsquaretechnologies.com
busines@rootsquaretechnologies.com
service@rootsquaretechnologies.com
career@rootsquaretechnologies.com
community@rootsquaretechnologies.com
opportunities@rootsquaretechnologies.com
social@janeto.com
marketing@janeto.com
hello@janeto.com
contact@janeto.com
support@janeto.com
info@janeto.com
press@janeto.com
media@janeto.com
team@janeto.com
sales@janeto.com
equiries@janeto.com
help@janeto.com
busines@janeto.com
service@janeto.com
career@janeto.com
community@janeto.com
opportunities@janeto.com
social@bazingoinc.com
marketing@bazingoinc.com
hello@bazingoinc.com
contact@bazingoinc.com
support@bazingoinc.com
info@bazingoinc.com
press@bazingoinc.com
media@bazingoinc.com
team@bazingoinc.com
sales@bazingoinc.com
equiries@bazingoinc.com
help@bazingoinc.com
busines@bazingoinc.com
service@bazingoinc.com
career@bazingoinc.com
community@bazingoinc.com
opportunities@bazingoinc.com
social@hexagonasia.co
marketing@hexagonasia.co
hello@hexagonasia.co
contact@hexagonasia.co
support@hexagonasia.co
info@hexagonasia.co
press@hexagonasia.co
media@hexagonasia.co
team@hexagonasia.co
sales@hexagonasia.co
equiries@hexagonasia.co
help@hexagonasia.co
busines@hexagonasia.co
service@hexagonasia.co
career@hexagonasia.co
community@hexagonasia.co
opportunities@hexagonasia.co
social@rightitservices.com
marketing@rightitservices.com
hello@rightitservices.com
contact@rightitservices.com
support@rightitservices.com
info@rightitservices.com
press@rightitservices.com
media@rightitservices.com
team@rightitservices.com
sales@rightitservices.com
equiries@rightitservices.com
help@rightitservices.com
busines@rightitservices.com
service@rightitservices.com
career@rightitservices.com
community@rightitservices.com
opportunities@rightitservices.com
social@solution.com
marketing@solution.com
hello@solution.com
contact@solution.com
support@solution.com
info@solution.com
press@solution.com
media@solution.com
team@solution.com
sales@solution.com
equiries@solution.com
help@solution.com
busines@solution.com
service@solution.com
career@solution.com
community@solution.com
opportunities@solution.com
social@elementalsweb.com
marketing@elementalsweb.com
hello@elementalsweb.com
contact@elementalsweb.com
support@elementalsweb.com
info@elementalsweb.com
press@elementalsweb.com
media@elementalsweb.com
team@elementalsweb.com
sales@elementalsweb.com
equiries@elementalsweb.com
help@elementalsweb.com
busines@elementalsweb.com
service@elementalsweb.com
career@elementalsweb.com
community@elementalsweb.com
opportunities@elementalsweb.com
social@gkim.digital
marketing@gkim.digital
hello@gkim.digital
contact@gkim.digital
support@gkim.digital
info@gkim.digital
press@gkim.digital
media@gkim.digital
team@gkim.digital
sales@gkim.digital
equiries@gkim.digital
help@gkim.digital
busines@gkim.digital
service@gkim.digital
career@gkim.digital
community@gkim.digital
opportunities@gkim.digital
social@eyesimple.us
marketing@eyesimple.us
hello@eyesimple.us
contact@eyesimple.us
support@eyesimple.us
info@eyesimple.us
press@eyesimple.us
media@eyesimple.us
team@eyesimple.us
sales@eyesimple.us
equiries@eyesimple.us
help@eyesimple.us
busines@eyesimple.us
service@eyesimple.us
career@eyesimple.us
community@eyesimple.us
opportunities@eyesimple.us
social@logixtek.com
marketing@logixtek.com
hello@logixtek.com
contact@logixtek.com
support@logixtek.com
info@logixtek.com
press@logixtek.com
media@logixtek.com
team@logixtek.com
sales@logixtek.com
equiries@logixtek.com
help@logixtek.com
busines@logixtek.com
service@logixtek.com
career@logixtek.com
community@logixtek.com
opportunities@logixtek.com
social@gomobileagency.com
marketing@gomobileagency.com
hello@gomobileagency.com
contact@gomobileagency.com
support@gomobileagency.com
info@gomobileagency.com
press@gomobileagency.com
media@gomobileagency.com
team@gomobileagency.com
sales@gomobileagency.com
equiries@gomobileagency.com
help@gomobileagency.com
busines@gomobileagency.com
service@gomobileagency.com
career@gomobileagency.com
community@gomobileagency.com
opportunities@gomobileagency.com
social@wizy.vn
marketing@wizy.vn
hello@wizy.vn
contact@wizy.vn
support@wizy.vn
info@wizy.vn
press@wizy.vn
media@wizy.vn
team@wizy.vn
sales@wizy.vn
equiries@wizy.vn
help@wizy.vn
busines@wizy.vn
service@wizy.vn
career@wizy.vn
community@wizy.vn
opportunities@wizy.vn
social@amanaasia.com
marketing@amanaasia.com
hello@amanaasia.com
contact@amanaasia.com
support@amanaasia.com
info@amanaasia.com
press@amanaasia.com
media@amanaasia.com
team@amanaasia.com
sales@amanaasia.com
equiries@amanaasia.com
help@amanaasia.com
busines@amanaasia.com
service@amanaasia.com
career@amanaasia.com
community@amanaasia.com
opportunities@amanaasia.com
social@agiletech.vn
marketing@agiletech.vn
hello@agiletech.vn
contact@agiletech.vn
support@agiletech.vn
info@agiletech.vn
press@agiletech.vn
media@agiletech.vn
team@agiletech.vn
sales@agiletech.vn
equiries@agiletech.vn
help@agiletech.vn
busines@agiletech.vn
service@agiletech.vn
career@agiletech.vn
community@agiletech.vn
opportunities@agiletech.vn
social@itsybits.net
marketing@itsybits.net
hello@itsybits.net
contact@itsybits.net
support@itsybits.net
info@itsybits.net
press@itsybits.net
media@itsybits.net
team@itsybits.net
sales@itsybits.net
equiries@itsybits.net
help@itsybits.net
busines@itsybits.net
service@itsybits.net
career@itsybits.net
community@itsybits.net
opportunities@itsybits.net
social@creativelab.vn
marketing@creativelab.vn
hello@creativelab.vn
contact@creativelab.vn
support@creativelab.vn
info@creativelab.vn
press@creativelab.vn
media@creativelab.vn
team@creativelab.vn
sales@creativelab.vn
equiries@creativelab.vn
help@creativelab.vn
busines@creativelab.vn
service@creativelab.vn
career@creativelab.vn
community@creativelab.vn
opportunities@creativelab.vn
social@omtechnologies.com
marketing@omtechnologies.com
hello@omtechnologies.com
contact@omtechnologies.com
support@omtechnologies.com
info@omtechnologies.com
press@omtechnologies.com
media@omtechnologies.com
team@omtechnologies.com
sales@omtechnologies.com
equiries@omtechnologies.com
help@omtechnologies.com
busines@omtechnologies.com
service@omtechnologies.com
career@omtechnologies.com
community@omtechnologies.com
opportunities@omtechnologies.com
social@alphapod.com
marketing@alphapod.com
hello@alphapod.com
contact@alphapod.com
support@alphapod.com
info@alphapod.com
press@alphapod.com
media@alphapod.com
team@alphapod.com
sales@alphapod.com
equiries@alphapod.com
help@alphapod.com
busines@alphapod.com
service@alphapod.com
career@alphapod.com
community@alphapod.com
opportunities@alphapod.com
social@biwabit.com
marketing@biwabit.com
hello@biwabit.com
contact@biwabit.com
support@biwabit.com
info@biwabit.com
press@biwabit.com
media@biwabit.com
team@biwabit.com
sales@biwabit.com
equiries@biwabit.com
help@biwabit.com
busines@biwabit.com
service@biwabit.com
career@biwabit.com
community@biwabit.com
opportunities@biwabit.com
social@verzdesign.com
marketing@verzdesign.com
hello@verzdesign.com
contact@verzdesign.com
support@verzdesign.com
info@verzdesign.com
press@verzdesign.com
media@verzdesign.com
team@verzdesign.com
sales@verzdesign.com
equiries@verzdesign.com
help@verzdesign.com
busines@verzdesign.com
service@verzdesign.com
career@verzdesign.com
community@verzdesign.com
opportunities@verzdesign.com
social@apps.lisbonlabs.com
marketing@apps.lisbonlabs.com
hello@apps.lisbonlabs.com
contact@apps.lisbonlabs.com
support@apps.lisbonlabs.com
info@apps.lisbonlabs.com
press@apps.lisbonlabs.com
media@apps.lisbonlabs.com
team@apps.lisbonlabs.com
sales@apps.lisbonlabs.com
equiries@apps.lisbonlabs.com
help@apps.lisbonlabs.com
busines@apps.lisbonlabs.com
service@apps.lisbonlabs.com
career@apps.lisbonlabs.com
community@apps.lisbonlabs.com
opportunities@apps.lisbonlabs.com
social@orientsoftware.net
marketing@orientsoftware.net
hello@orientsoftware.net
contact@orientsoftware.net
support@orientsoftware.net
info@orientsoftware.net
press@orientsoftware.net
media@orientsoftware.net
team@orientsoftware.net
sales@orientsoftware.net
equiries@orientsoftware.net
help@orientsoftware.net
busines@orientsoftware.net
service@orientsoftware.net
career@orientsoftware.net
community@orientsoftware.net
opportunities@orientsoftware.net
social@pogofdev.net
marketing@pogofdev.net
hello@pogofdev.net
contact@pogofdev.net
support@pogofdev.net
info@pogofdev.net
press@pogofdev.net
media@pogofdev.net
team@pogofdev.net
sales@pogofdev.net
equiries@pogofdev.net
help@pogofdev.net
busines@pogofdev.net
service@pogofdev.net
career@pogofdev.net
community@pogofdev.net
opportunities@pogofdev.net
social@oaksys.net
marketing@oaksys.net
hello@oaksys.net
contact@oaksys.net
support@oaksys.net
info@oaksys.net
press@oaksys.net
media@oaksys.net
team@oaksys.net
sales@oaksys.net
equiries@oaksys.net
help@oaksys.net
busines@oaksys.net
service@oaksys.net
career@oaksys.net
community@oaksys.net
opportunities@oaksys.net
social@designveloper.com
marketing@designveloper.com
hello@designveloper.com
contact@designveloper.com
support@designveloper.com
info@designveloper.com
press@designveloper.com
media@designveloper.com
team@designveloper.com
sales@designveloper.com
equiries@designveloper.com
help@designveloper.com
busines@designveloper.com
service@designveloper.com
career@designveloper.com
community@designveloper.com
opportunities@designveloper.com
social@leapfroggr.com
marketing@leapfroggr.com
hello@leapfroggr.com
contact@leapfroggr.com
support@leapfroggr.com
info@leapfroggr.com
press@leapfroggr.com
media@leapfroggr.com
team@leapfroggr.com
sales@leapfroggr.com
equiries@leapfroggr.com
help@leapfroggr.com
busines@leapfroggr.com
service@leapfroggr.com
career@leapfroggr.com
community@leapfroggr.com
opportunities@leapfroggr.com
social@aleaitsolutions.com
marketing@aleaitsolutions.com
hello@aleaitsolutions.com
contact@aleaitsolutions.com
support@aleaitsolutions.com
info@aleaitsolutions.com
press@aleaitsolutions.com
media@aleaitsolutions.com
team@aleaitsolutions.com
sales@aleaitsolutions.com
equiries@aleaitsolutions.com
help@aleaitsolutions.com
busines@aleaitsolutions.com
service@aleaitsolutions.com
career@aleaitsolutions.com
community@aleaitsolutions.com
opportunities@aleaitsolutions.com
social@minglabs.com
marketing@minglabs.com
hello@minglabs.com
contact@minglabs.com
support@minglabs.com
info@minglabs.com
press@minglabs.com
media@minglabs.com
team@minglabs.com
sales@minglabs.com
equiries@minglabs.com
help@minglabs.com
busines@minglabs.com
service@minglabs.com
career@minglabs.com
community@minglabs.com
opportunities@minglabs.com
social@exist.com
marketing@exist.com
hello@exist.com
contact@exist.com
support@exist.com
info@exist.com
press@exist.com
media@exist.com
team@exist.com
sales@exist.com
equiries@exist.com
help@exist.com
busines@exist.com
service@exist.com
career@exist.com
community@exist.com
opportunities@exist.com
social@agilehorde.com
marketing@agilehorde.com
hello@agilehorde.com
contact@agilehorde.com
support@agilehorde.com
info@agilehorde.com
press@agilehorde.com
media@agilehorde.com
team@agilehorde.com
sales@agilehorde.com
equiries@agilehorde.com
help@agilehorde.com
busines@agilehorde.com
service@agilehorde.com
career@agilehorde.com
community@agilehorde.com
opportunities@agilehorde.com
social@si.com
marketing@si.com
hello@si.com
contact@si.com
support@si.com
info@si.com
press@si.com
media@si.com
team@si.com
sales@si.com
equiries@si.com
help@si.com
busines@si.com
service@si.com
career@si.com
community@si.com
opportunities@si.com
social@braze.com
marketing@braze.com
hello@braze.com
contact@braze.com
support@braze.com
info@braze.com
press@braze.com
media@braze.com
team@braze.com
sales@braze.com
equiries@braze.com
help@braze.com
busines@braze.com
service@braze.com
career@braze.com
community@braze.com
opportunities@braze.com
social@hokuapps.com
marketing@hokuapps.com
hello@hokuapps.com
contact@hokuapps.com
support@hokuapps.com
info@hokuapps.com
press@hokuapps.com
media@hokuapps.com
team@hokuapps.com
sales@hokuapps.com
equiries@hokuapps.com
help@hokuapps.com
busines@hokuapps.com
service@hokuapps.com
career@hokuapps.com
community@hokuapps.com
opportunities@hokuapps.com
social@uxpillow.com
marketing@uxpillow.com
hello@uxpillow.com
contact@uxpillow.com
support@uxpillow.com
info@uxpillow.com
press@uxpillow.com
media@uxpillow.com
team@uxpillow.com
sales@uxpillow.com
equiries@uxpillow.com
help@uxpillow.com
busines@uxpillow.com
service@uxpillow.com
career@uxpillow.com
community@uxpillow.com
opportunities@uxpillow.com
social@bespokecodes.com
marketing@bespokecodes.com
hello@bespokecodes.com
contact@bespokecodes.com
support@bespokecodes.com
info@bespokecodes.com
press@bespokecodes.com
media@bespokecodes.com
team@bespokecodes.com
sales@bespokecodes.com
equiries@bespokecodes.com
help@bespokecodes.com
busines@bespokecodes.com
service@bespokecodes.com
career@bespokecodes.com
community@bespokecodes.com
opportunities@bespokecodes.com
social@serole.com
marketing@serole.com
hello@serole.com
contact@serole.com
support@serole.com
info@serole.com
press@serole.com
media@serole.com
team@serole.com
sales@serole.com
equiries@serole.com
help@serole.com
busines@serole.com
service@serole.com
career@serole.com
community@serole.com
opportunities@serole.com
social@codigeeks.com
marketing@codigeeks.com
hello@codigeeks.com
contact@codigeeks.com
support@codigeeks.com
info@codigeeks.com
press@codigeeks.com
media@codigeeks.com
team@codigeeks.com
sales@codigeeks.com
equiries@codigeeks.com
help@codigeeks.com
busines@codigeeks.com
service@codigeeks.com
career@codigeeks.com
community@codigeeks.com
opportunities@codigeeks.com
social@rainmaker-labs.com
marketing@rainmaker-labs.com
hello@rainmaker-labs.com
contact@rainmaker-labs.com
support@rainmaker-labs.com
info@rainmaker-labs.com
press@rainmaker-labs.com
media@rainmaker-labs.com
team@rainmaker-labs.com
sales@rainmaker-labs.com
equiries@rainmaker-labs.com
help@rainmaker-labs.com
busines@rainmaker-labs.com
service@rainmaker-labs.com
career@rainmaker-labs.com
community@rainmaker-labs.com
opportunities@rainmaker-labs.com
social@aarki.com
marketing@aarki.com
hello@aarki.com
contact@aarki.com
support@aarki.com
info@aarki.com
press@aarki.com
media@aarki.com
team@aarki.com
sales@aarki.com
equiries@aarki.com
help@aarki.com
busines@aarki.com
service@aarki.com
career@aarki.com
community@aarki.com
opportunities@aarki.com
social@langit.com
marketing@langit.com
hello@langit.com
contact@langit.com
support@langit.com
info@langit.com
press@langit.com
media@langit.com
team@langit.com
sales@langit.com
equiries@langit.com
help@langit.com
busines@langit.com
service@langit.com
career@langit.com
community@langit.com
opportunities@langit.com
social@squarefresco.com
marketing@squarefresco.com
hello@squarefresco.com
contact@squarefresco.com
support@squarefresco.com
info@squarefresco.com
press@squarefresco.com
media@squarefresco.com
team@squarefresco.com
sales@squarefresco.com
equiries@squarefresco.com
help@squarefresco.com
busines@squarefresco.com
service@squarefresco.com
career@squarefresco.com
community@squarefresco.com
opportunities@squarefresco.com
social@appasia.com
marketing@appasia.com
hello@appasia.com
contact@appasia.com
support@appasia.com
info@appasia.com
press@appasia.com
media@appasia.com
team@appasia.com
sales@appasia.com
equiries@appasia.com
help@appasia.com
busines@appasia.com
service@appasia.com
career@appasia.com
community@appasia.com
opportunities@appasia.com
social@nitrotech.vn
marketing@nitrotech.vn
hello@nitrotech.vn
contact@nitrotech.vn
support@nitrotech.vn
info@nitrotech.vn
press@nitrotech.vn
media@nitrotech.vn
team@nitrotech.vn
sales@nitrotech.vn
equiries@nitrotech.vn
help@nitrotech.vn
busines@nitrotech.vn
service@nitrotech.vn
career@nitrotech.vn
community@nitrotech.vn
opportunities@nitrotech.vn
social@swagsoft.com.sg
marketing@swagsoft.com.sg
hello@swagsoft.com.sg
contact@swagsoft.com.sg
support@swagsoft.com.sg
info@swagsoft.com.sg
press@swagsoft.com.sg
media@swagsoft.com.sg
team@swagsoft.com.sg
sales@swagsoft.com.sg
equiries@swagsoft.com.sg
help@swagsoft.com.sg
busines@swagsoft.com.sg
service@swagsoft.com.sg
career@swagsoft.com.sg
community@swagsoft.com.sg
opportunities@swagsoft.com.sg
social@corp.com.vn
marketing@corp.com.vn
hello@corp.com.vn
contact@corp.com.vn
support@corp.com.vn
info@corp.com.vn
press@corp.com.vn
media@corp.com.vn
team@corp.com.vn
sales@corp.com.vn
equiries@corp.com.vn
help@corp.com.vn
busines@corp.com.vn
service@corp.com.vn
career@corp.com.vn
community@corp.com.vn
opportunities@corp.com.vn
social@kng.vn
marketing@kng.vn
hello@kng.vn
contact@kng.vn
support@kng.vn
info@kng.vn
press@kng.vn
media@kng.vn
team@kng.vn
sales@kng.vn
equiries@kng.vn
help@kng.vn
busines@kng.vn
service@kng.vn
career@kng.vn
community@kng.vn
opportunities@kng.vn
social@biztechsoftsys.com
marketing@biztechsoftsys.com
hello@biztechsoftsys.com
contact@biztechsoftsys.com
support@biztechsoftsys.com
info@biztechsoftsys.com
press@biztechsoftsys.com
media@biztechsoftsys.com
team@biztechsoftsys.com
sales@biztechsoftsys.com
equiries@biztechsoftsys.com
help@biztechsoftsys.com
busines@biztechsoftsys.com
service@biztechsoftsys.com
career@biztechsoftsys.com
community@biztechsoftsys.com
opportunities@biztechsoftsys.com
social@mtelnet.com
marketing@mtelnet.com
hello@mtelnet.com
contact@mtelnet.com
support@mtelnet.com
info@mtelnet.com
press@mtelnet.com
media@mtelnet.com
team@mtelnet.com
sales@mtelnet.com
equiries@mtelnet.com
help@mtelnet.com
busines@mtelnet.com
service@mtelnet.com
career@mtelnet.com
community@mtelnet.com
opportunities@mtelnet.com
social@apartechnologies.com
marketing@apartechnologies.com
hello@apartechnologies.com
contact@apartechnologies.com
support@apartechnologies.com
info@apartechnologies.com
press@apartechnologies.com
media@apartechnologies.com
team@apartechnologies.com
sales@apartechnologies.com
equiries@apartechnologies.com
help@apartechnologies.com
busines@apartechnologies.com
service@apartechnologies.com
career@apartechnologies.com
community@apartechnologies.com
opportunities@apartechnologies.com
social@solutions.worldofmobileapps.co
marketing@solutions.worldofmobileapps.co
hello@solutions.worldofmobileapps.co
contact@solutions.worldofmobileapps.co
support@solutions.worldofmobileapps.co
info@solutions.worldofmobileapps.co
press@solutions.worldofmobileapps.co
media@solutions.worldofmobileapps.co
team@solutions.worldofmobileapps.co
sales@solutions.worldofmobileapps.co
equiries@solutions.worldofmobileapps.co
help@solutions.worldofmobileapps.co
busines@solutions.worldofmobileapps.co
service@solutions.worldofmobileapps.co
career@solutions.worldofmobileapps.co
community@solutions.worldofmobileapps.co
opportunities@solutions.worldofmobileapps.co
social@online.com
marketing@online.com
hello@online.com
contact@online.com
support@online.com
info@online.com
press@online.com
media@online.com
team@online.com
sales@online.com
equiries@online.com
help@online.com
busines@online.com
service@online.com
career@online.com
community@online.com
opportunities@online.com
social@numlock.com.ph
marketing@numlock.com.ph
hello@numlock.com.ph
contact@numlock.com.ph
support@numlock.com.ph
info@numlock.com.ph
press@numlock.com.ph
media@numlock.com.ph
team@numlock.com.ph
sales@numlock.com.ph
equiries@numlock.com.ph
help@numlock.com.ph
busines@numlock.com.ph
service@numlock.com.ph
career@numlock.com.ph
community@numlock.com.ph
opportunities@numlock.com.ph
social@rogomi.com
marketing@rogomi.com
hello@rogomi.com
contact@rogomi.com
support@rogomi.com
info@rogomi.com
press@rogomi.com
media@rogomi.com
team@rogomi.com
sales@rogomi.com
equiries@rogomi.com
help@rogomi.com
busines@rogomi.com
service@rogomi.com
career@rogomi.com
community@rogomi.com
opportunities@rogomi.com
social@gametaiko.com
marketing@gametaiko.com
hello@gametaiko.com
contact@gametaiko.com
support@gametaiko.com
info@gametaiko.com
press@gametaiko.com
media@gametaiko.com
team@gametaiko.com
sales@gametaiko.com
equiries@gametaiko.com
help@gametaiko.com
busines@gametaiko.com
service@gametaiko.com
career@gametaiko.com
community@gametaiko.com
opportunities@gametaiko.com
social@pingcom.vn
marketing@pingcom.vn
hello@pingcom.vn
contact@pingcom.vn
support@pingcom.vn
info@pingcom.vn
press@pingcom.vn
media@pingcom.vn
team@pingcom.vn
sales@pingcom.vn
equiries@pingcom.vn
help@pingcom.vn
busines@pingcom.vn
service@pingcom.vn
career@pingcom.vn
community@pingcom.vn
opportunities@pingcom.vn
social@nexlesoft.com
marketing@nexlesoft.com
hello@nexlesoft.com
contact@nexlesoft.com
support@nexlesoft.com
info@nexlesoft.com
press@nexlesoft.com
media@nexlesoft.com
team@nexlesoft.com
sales@nexlesoft.com
equiries@nexlesoft.com
help@nexlesoft.com
busines@nexlesoft.com
service@nexlesoft.com
career@nexlesoft.com
community@nexlesoft.com
opportunities@nexlesoft.com
social@sutrixgroup.com
marketing@sutrixgroup.com
hello@sutrixgroup.com
contact@sutrixgroup.com
support@sutrixgroup.com
info@sutrixgroup.com
press@sutrixgroup.com
media@sutrixgroup.com
team@sutrixgroup.com
sales@sutrixgroup.com
equiries@sutrixgroup.com
help@sutrixgroup.com
busines@sutrixgroup.com
service@sutrixgroup.com
career@sutrixgroup.com
community@sutrixgroup.com
opportunities@sutrixgroup.com
social@rococoglobaltechnologies.com
marketing@rococoglobaltechnologies.com
hello@rococoglobaltechnologies.com
contact@rococoglobaltechnologies.com
support@rococoglobaltechnologies.com
info@rococoglobaltechnologies.com
press@rococoglobaltechnologies.com
media@rococoglobaltechnologies.com
team@rococoglobaltechnologies.com
sales@rococoglobaltechnologies.com
equiries@rococoglobaltechnologies.com
help@rococoglobaltechnologies.com
busines@rococoglobaltechnologies.com
service@rococoglobaltechnologies.com
career@rococoglobaltechnologies.com
community@rococoglobaltechnologies.com
opportunities@rococoglobaltechnologies.com
social@themobilelife.com
marketing@themobilelife.com
hello@themobilelife.com
contact@themobilelife.com
support@themobilelife.com
info@themobilelife.com
press@themobilelife.com
media@themobilelife.com
team@themobilelife.com
sales@themobilelife.com
equiries@themobilelife.com
help@themobilelife.com
busines@themobilelife.com
service@themobilelife.com
career@themobilelife.com
community@themobilelife.com
opportunities@themobilelife.com
social@mavenlab.com
marketing@mavenlab.com
hello@mavenlab.com
contact@mavenlab.com
support@mavenlab.com
info@mavenlab.com
press@mavenlab.com
media@mavenlab.com
team@mavenlab.com
sales@mavenlab.com
equiries@mavenlab.com
help@mavenlab.com
busines@mavenlab.com
service@mavenlab.com
career@mavenlab.com
community@mavenlab.com
opportunities@mavenlab.com
social@vinsofts.com
marketing@vinsofts.com
hello@vinsofts.com
contact@vinsofts.com
support@vinsofts.com
info@vinsofts.com
press@vinsofts.com
media@vinsofts.com
team@vinsofts.com
sales@vinsofts.com
equiries@vinsofts.com
help@vinsofts.com
busines@vinsofts.com
service@vinsofts.com
career@vinsofts.com
community@vinsofts.com
opportunities@vinsofts.com
social@xfusionx.com
marketing@xfusionx.com
hello@xfusionx.com
contact@xfusionx.com
support@xfusionx.com
info@xfusionx.com
press@xfusionx.com
media@xfusionx.com
team@xfusionx.com
sales@xfusionx.com
equiries@xfusionx.com
help@xfusionx.com
busines@xfusionx.com
service@xfusionx.com
career@xfusionx.com
community@xfusionx.com
opportunities@xfusionx.com
social@zoliotech.com
marketing@zoliotech.com
hello@zoliotech.com
contact@zoliotech.com
support@zoliotech.com
info@zoliotech.com
press@zoliotech.com
media@zoliotech.com
team@zoliotech.com
sales@zoliotech.com
equiries@zoliotech.com
help@zoliotech.com
busines@zoliotech.com
service@zoliotech.com
career@zoliotech.com
community@zoliotech.com
opportunities@zoliotech.com
social@technologies.com
marketing@technologies.com
hello@technologies.com
contact@technologies.com
support@technologies.com
info@technologies.com
press@technologies.com
media@technologies.com
team@technologies.com
sales@technologies.com
equiries@technologies.com
help@technologies.com
busines@technologies.com
service@technologies.com
career@technologies.com
community@technologies.com
opportunities@technologies.com
social@adaptivemedia.com.au
marketing@adaptivemedia.com.au
hello@adaptivemedia.com.au
contact@adaptivemedia.com.au
support@adaptivemedia.com.au
info@adaptivemedia.com.au
press@adaptivemedia.com.au
media@adaptivemedia.com.au
team@adaptivemedia.com.au
sales@adaptivemedia.com.au
equiries@adaptivemedia.com.au
help@adaptivemedia.com.au
busines@adaptivemedia.com.au
service@adaptivemedia.com.au
career@adaptivemedia.com.au
community@adaptivemedia.com.au
opportunities@adaptivemedia.com.au
social@yellowcube.com
marketing@yellowcube.com
hello@yellowcube.com
contact@yellowcube.com
support@yellowcube.com
info@yellowcube.com
press@yellowcube.com
media@yellowcube.com
team@yellowcube.com
sales@yellowcube.com
equiries@yellowcube.com
help@yellowcube.com
busines@yellowcube.com
service@yellowcube.com
career@yellowcube.com
community@yellowcube.com
opportunities@yellowcube.com
social@tose.com.ph
marketing@tose.com.ph
hello@tose.com.ph
contact@tose.com.ph
support@tose.com.ph
info@tose.com.ph
press@tose.com.ph
media@tose.com.ph
team@tose.com.ph
sales@tose.com.ph
equiries@tose.com.ph
help@tose.com.ph
busines@tose.com.ph
service@tose.com.ph
career@tose.com.ph
community@tose.com.ph
opportunities@tose.com.ph
social@aniketsolutions.com
marketing@aniketsolutions.com
hello@aniketsolutions.com
contact@aniketsolutions.com
support@aniketsolutions.com
info@aniketsolutions.com
press@aniketsolutions.com
media@aniketsolutions.com
team@aniketsolutions.com
sales@aniketsolutions.com
equiries@aniketsolutions.com
help@aniketsolutions.com
busines@aniketsolutions.com
service@aniketsolutions.com
career@aniketsolutions.com
community@aniketsolutions.com
opportunities@aniketsolutions.com
social@cirosolution.com
marketing@cirosolution.com
hello@cirosolution.com
contact@cirosolution.com
support@cirosolution.com
info@cirosolution.com
press@cirosolution.com
media@cirosolution.com
team@cirosolution.com
sales@cirosolution.com
equiries@cirosolution.com
help@cirosolution.com
busines@cirosolution.com
service@cirosolution.com
career@cirosolution.com
community@cirosolution.com
opportunities@cirosolution.com
social@picto.com.sg
marketing@picto.com.sg
hello@picto.com.sg
contact@picto.com.sg
support@picto.com.sg
info@picto.com.sg
press@picto.com.sg
media@picto.com.sg
team@picto.com.sg
sales@picto.com.sg
equiries@picto.com.sg
help@picto.com.sg
busines@picto.com.sg
service@picto.com.sg
career@picto.com.sg
community@picto.com.sg
opportunities@picto.com.sg
social@ncc.asia
marketing@ncc.asia
hello@ncc.asia
contact@ncc.asia
support@ncc.asia
info@ncc.asia
press@ncc.asia
media@ncc.asia
team@ncc.asia
sales@ncc.asia
equiries@ncc.asia
help@ncc.asia
busines@ncc.asia
service@ncc.asia
career@ncc.asia
community@ncc.asia
opportunities@ncc.asia
social@gmitsweb.com
marketing@gmitsweb.com
hello@gmitsweb.com
contact@gmitsweb.com
support@gmitsweb.com
info@gmitsweb.com
press@gmitsweb.com
media@gmitsweb.com
team@gmitsweb.com
sales@gmitsweb.com
equiries@gmitsweb.com
help@gmitsweb.com
busines@gmitsweb.com
service@gmitsweb.com
career@gmitsweb.com
community@gmitsweb.com
opportunities@gmitsweb.com
social@fourello.com
marketing@fourello.com
hello@fourello.com
contact@fourello.com
support@fourello.com
info@fourello.com
press@fourello.com
media@fourello.com
team@fourello.com
sales@fourello.com
equiries@fourello.com
help@fourello.com
busines@fourello.com
service@fourello.com
career@fourello.com
community@fourello.com
opportunities@fourello.com
social@nextfunc.com
marketing@nextfunc.com
hello@nextfunc.com
contact@nextfunc.com
support@nextfunc.com
info@nextfunc.com
press@nextfunc.com
media@nextfunc.com
team@nextfunc.com
sales@nextfunc.com
equiries@nextfunc.com
help@nextfunc.com
busines@nextfunc.com
service@nextfunc.com
career@nextfunc.com
community@nextfunc.com
opportunities@nextfunc.com
social@topitvietnam.com
marketing@topitvietnam.com
hello@topitvietnam.com
contact@topitvietnam.com
support@topitvietnam.com
info@topitvietnam.com
press@topitvietnam.com
media@topitvietnam.com
team@topitvietnam.com
sales@topitvietnam.com
equiries@topitvietnam.com
help@topitvietnam.com
busines@topitvietnam.com
service@topitvietnam.com
career@topitvietnam.com
community@topitvietnam.com
opportunities@topitvietnam.com
social@espire.com
marketing@espire.com
hello@espire.com
contact@espire.com
support@espire.com
info@espire.com
press@espire.com
media@espire.com
team@espire.com
sales@espire.com
equiries@espire.com
help@espire.com
busines@espire.com
service@espire.com
career@espire.com
community@espire.com
opportunities@espire.com
social@foxdigital.my
marketing@foxdigital.my
hello@foxdigital.my
contact@foxdigital.my
support@foxdigital.my
info@foxdigital.my
press@foxdigital.my
media@foxdigital.my
team@foxdigital.my
sales@foxdigital.my
equiries@foxdigital.my
help@foxdigital.my
busines@foxdigital.my
service@foxdigital.my
career@foxdigital.my
community@foxdigital.my
opportunities@foxdigital.my
social@ansibleww.com
marketing@ansibleww.com
hello@ansibleww.com
contact@ansibleww.com
support@ansibleww.com
info@ansibleww.com
press@ansibleww.com
media@ansibleww.com
team@ansibleww.com
sales@ansibleww.com
equiries@ansibleww.com
help@ansibleww.com
busines@ansibleww.com
service@ansibleww.com
career@ansibleww.com
community@ansibleww.com
opportunities@ansibleww.com
social@reigndesign.com
marketing@reigndesign.com
hello@reigndesign.com
contact@reigndesign.com
support@reigndesign.com
info@reigndesign.com
press@reigndesign.com
media@reigndesign.com
team@reigndesign.com
sales@reigndesign.com
equiries@reigndesign.com
help@reigndesign.com
busines@reigndesign.com
service@reigndesign.com
career@reigndesign.com
community@reigndesign.com
opportunities@reigndesign.com
social@POSSIBLE.com
marketing@POSSIBLE.com
hello@POSSIBLE.com
contact@POSSIBLE.com
support@POSSIBLE.com
info@POSSIBLE.com
press@POSSIBLE.com
media@POSSIBLE.com
team@POSSIBLE.com
sales@POSSIBLE.com
equiries@POSSIBLE.com
help@POSSIBLE.com
busines@POSSIBLE.com
service@POSSIBLE.com
career@POSSIBLE.com
community@POSSIBLE.com
opportunities@POSSIBLE.com
social@acte-solutions.com
marketing@acte-solutions.com
hello@acte-solutions.com
contact@acte-solutions.com
support@acte-solutions.com
info@acte-solutions.com
press@acte-solutions.com
media@acte-solutions.com
team@acte-solutions.com
sales@acte-solutions.com
equiries@acte-solutions.com
help@acte-solutions.com
busines@acte-solutions.com
service@acte-solutions.com
career@acte-solutions.com
community@acte-solutions.com
opportunities@acte-solutions.com
social@altermyth.com
marketing@altermyth.com
hello@altermyth.com
contact@altermyth.com
support@altermyth.com
info@altermyth.com
press@altermyth.com
media@altermyth.com
team@altermyth.com
sales@altermyth.com
equiries@altermyth.com
help@altermyth.com
busines@altermyth.com
service@altermyth.com
career@altermyth.com
community@altermyth.com
opportunities@altermyth.com
social@cherrypicks.com
marketing@cherrypicks.com
hello@cherrypicks.com
contact@cherrypicks.com
support@cherrypicks.com
info@cherrypicks.com
press@cherrypicks.com
media@cherrypicks.com
team@cherrypicks.com
sales@cherrypicks.com
equiries@cherrypicks.com
help@cherrypicks.com
busines@cherrypicks.com
service@cherrypicks.com
career@cherrypicks.com
community@cherrypicks.com
opportunities@cherrypicks.com
social@sapphiro.com
marketing@sapphiro.com
hello@sapphiro.com
contact@sapphiro.com
support@sapphiro.com
info@sapphiro.com
press@sapphiro.com
media@sapphiro.com
team@sapphiro.com
sales@sapphiro.com
equiries@sapphiro.com
help@sapphiro.com
busines@sapphiro.com
service@sapphiro.com
career@sapphiro.com
community@sapphiro.com
opportunities@sapphiro.com
social@bizzmanweb.sg
marketing@bizzmanweb.sg
hello@bizzmanweb.sg
contact@bizzmanweb.sg
support@bizzmanweb.sg
info@bizzmanweb.sg
press@bizzmanweb.sg
media@bizzmanweb.sg
team@bizzmanweb.sg
sales@bizzmanweb.sg
equiries@bizzmanweb.sg
help@bizzmanweb.sg
busines@bizzmanweb.sg
service@bizzmanweb.sg
career@bizzmanweb.sg
community@bizzmanweb.sg
opportunities@bizzmanweb.sg
social@codigo.co
marketing@codigo.co
hello@codigo.co
contact@codigo.co
support@codigo.co
info@codigo.co
press@codigo.co
media@codigo.co
team@codigo.co
sales@codigo.co
equiries@codigo.co
help@codigo.co
busines@codigo.co
service@codigo.co
career@codigo.co
community@codigo.co
opportunities@codigo.co
social@emveep.com
marketing@emveep.com
hello@emveep.com
contact@emveep.com
support@emveep.com
info@emveep.com
press@emveep.com
media@emveep.com
team@emveep.com
sales@emveep.com
equiries@emveep.com
help@emveep.com
busines@emveep.com
service@emveep.com
career@emveep.com
community@emveep.com
opportunities@emveep.com
social@leappmobile.com
marketing@leappmobile.com
hello@leappmobile.com
contact@leappmobile.com
support@leappmobile.com
info@leappmobile.com
press@leappmobile.com
media@leappmobile.com
team@leappmobile.com
sales@leappmobile.com
equiries@leappmobile.com
help@leappmobile.com
busines@leappmobile.com
service@leappmobile.com
career@leappmobile.com
community@leappmobile.com
opportunities@leappmobile.com
social@sleekdigital.sg
marketing@sleekdigital.sg
hello@sleekdigital.sg
contact@sleekdigital.sg
support@sleekdigital.sg
info@sleekdigital.sg
press@sleekdigital.sg
media@sleekdigital.sg
team@sleekdigital.sg
sales@sleekdigital.sg
equiries@sleekdigital.sg
help@sleekdigital.sg
busines@sleekdigital.sg
service@sleekdigital.sg
career@sleekdigital.sg
community@sleekdigital.sg
opportunities@sleekdigital.sg
social@guerrilla.com.sg
marketing@guerrilla.com.sg
hello@guerrilla.com.sg
contact@guerrilla.com.sg
support@guerrilla.com.sg
info@guerrilla.com.sg
press@guerrilla.com.sg
media@guerrilla.com.sg
team@guerrilla.com.sg
sales@guerrilla.com.sg
equiries@guerrilla.com.sg
help@guerrilla.com.sg
busines@guerrilla.com.sg
service@guerrilla.com.sg
career@guerrilla.com.sg
community@guerrilla.com.sg
opportunities@guerrilla.com.sg
social@media.com
marketing@media.com
hello@media.com
contact@media.com
support@media.com
info@media.com
press@media.com
media@media.com
team@media.com
sales@media.com
equiries@media.com
help@media.com
busines@media.com
service@media.com
career@media.com
community@media.com
opportunities@media.com
social@softrefine.com
marketing@softrefine.com
hello@softrefine.com
contact@softrefine.com
support@softrefine.com
info@softrefine.com
press@softrefine.com
media@softrefine.com
team@softrefine.com
sales@softrefine.com
equiries@softrefine.com
help@softrefine.com
busines@softrefine.com
service@softrefine.com
career@softrefine.com
community@softrefine.com
opportunities@softrefine.com
social@malaysiamobileappsdeveloper.com
marketing@malaysiamobileappsdeveloper.com
hello@malaysiamobileappsdeveloper.com
contact@malaysiamobileappsdeveloper.com
support@malaysiamobileappsdeveloper.com
info@malaysiamobileappsdeveloper.com
press@malaysiamobileappsdeveloper.com
media@malaysiamobileappsdeveloper.com
team@malaysiamobileappsdeveloper.com
sales@malaysiamobileappsdeveloper.com
equiries@malaysiamobileappsdeveloper.com
help@malaysiamobileappsdeveloper.com
busines@malaysiamobileappsdeveloper.com
service@malaysiamobileappsdeveloper.com
career@malaysiamobileappsdeveloper.com
community@malaysiamobileappsdeveloper.com
opportunities@malaysiamobileappsdeveloper.com
social@sprout.co.id
marketing@sprout.co.id
hello@sprout.co.id
contact@sprout.co.id
support@sprout.co.id
info@sprout.co.id
press@sprout.co.id
media@sprout.co.id
team@sprout.co.id
sales@sprout.co.id
equiries@sprout.co.id
help@sprout.co.id
busines@sprout.co.id
service@sprout.co.id
career@sprout.co.id
community@sprout.co.id
opportunities@sprout.co.id
social@sc-sparksolution.com
marketing@sc-sparksolution.com
hello@sc-sparksolution.com
contact@sc-sparksolution.com
support@sc-sparksolution.com
info@sc-sparksolution.com
press@sc-sparksolution.com
media@sc-sparksolution.com
team@sc-sparksolution.com
sales@sc-sparksolution.com
equiries@sc-sparksolution.com
help@sc-sparksolution.com
busines@sc-sparksolution.com
service@sc-sparksolution.com
career@sc-sparksolution.com
community@sc-sparksolution.com
opportunities@sc-sparksolution.com
social@gits.co.id
marketing@gits.co.id
hello@gits.co.id
contact@gits.co.id
support@gits.co.id
info@gits.co.id
press@gits.co.id
media@gits.co.id
team@gits.co.id
sales@gits.co.id
equiries@gits.co.id
help@gits.co.id
busines@gits.co.id
service@gits.co.id
career@gits.co.id
community@gits.co.id
opportunities@gits.co.id
social@stratpoint.com
marketing@stratpoint.com
hello@stratpoint.com
contact@stratpoint.com
support@stratpoint.com
info@stratpoint.com
press@stratpoint.com
media@stratpoint.com
team@stratpoint.com
sales@stratpoint.com
equiries@stratpoint.com
help@stratpoint.com
busines@stratpoint.com
service@stratpoint.com
career@stratpoint.com
community@stratpoint.com
opportunities@stratpoint.com
social@solutions.com
marketing@solutions.com
hello@solutions.com
contact@solutions.com
support@solutions.com
info@solutions.com
press@solutions.com
media@solutions.com
team@solutions.com
sales@solutions.com
equiries@solutions.com
help@solutions.com
busines@solutions.com
service@solutions.com
career@solutions.com
community@solutions.com
opportunities@solutions.com
social@emmaintegra.com
marketing@emmaintegra.com
hello@emmaintegra.com
contact@emmaintegra.com
support@emmaintegra.com
info@emmaintegra.com
press@emmaintegra.com
media@emmaintegra.com
team@emmaintegra.com
sales@emmaintegra.com
equiries@emmaintegra.com
help@emmaintegra.com
busines@emmaintegra.com
service@emmaintegra.com
career@emmaintegra.com
community@emmaintegra.com
opportunities@emmaintegra.com
social@veecotech.com.my
marketing@veecotech.com.my
hello@veecotech.com.my
contact@veecotech.com.my
support@veecotech.com.my
info@veecotech.com.my
press@veecotech.com.my
media@veecotech.com.my
team@veecotech.com.my
sales@veecotech.com.my
equiries@veecotech.com.my
help@veecotech.com.my
busines@veecotech.com.my
service@veecotech.com.my
career@veecotech.com.my
community@veecotech.com.my
opportunities@veecotech.com.my
social@i.com
marketing@i.com
hello@i.com
contact@i.com
support@i.com
info@i.com
press@i.com
media@i.com
team@i.com
sales@i.com
equiries@i.com
help@i.com
busines@i.com
service@i.com
career@i.com
community@i.com
opportunities@i.com
social@fehux.com
marketing@fehux.com
hello@fehux.com
contact@fehux.com
support@fehux.com
info@fehux.com
press@fehux.com
media@fehux.com
team@fehux.com
sales@fehux.com
equiries@fehux.com
help@fehux.com
busines@fehux.com
service@fehux.com
career@fehux.com
community@fehux.com
opportunities@fehux.com
social@compassites.net
marketing@compassites.net
hello@compassites.net
contact@compassites.net
support@compassites.net
info@compassites.net
press@compassites.net
media@compassites.net
team@compassites.net
sales@compassites.net
equiries@compassites.net
help@compassites.net
busines@compassites.net
service@compassites.net
career@compassites.net
community@compassites.net
opportunities@compassites.net
social@crespro.com
marketing@crespro.com
hello@crespro.com
contact@crespro.com
support@crespro.com
info@crespro.com
press@crespro.com
media@crespro.com
team@crespro.com
sales@crespro.com
equiries@crespro.com
help@crespro.com
busines@crespro.com
service@crespro.com
career@crespro.com
community@crespro.com
opportunities@crespro.com
social@sixthgearstudios.com
marketing@sixthgearstudios.com
hello@sixthgearstudios.com
contact@sixthgearstudios.com
support@sixthgearstudios.com
info@sixthgearstudios.com
press@sixthgearstudios.com
media@sixthgearstudios.com
team@sixthgearstudios.com
sales@sixthgearstudios.com
equiries@sixthgearstudios.com
help@sixthgearstudios.com
busines@sixthgearstudios.com
service@sixthgearstudios.com
career@sixthgearstudios.com
community@sixthgearstudios.com
opportunities@sixthgearstudios.com
social@smmile.com
marketing@smmile.com
hello@smmile.com
contact@smmile.com
support@smmile.com
info@smmile.com
press@smmile.com
media@smmile.com
team@smmile.com
sales@smmile.com
equiries@smmile.com
help@smmile.com
busines@smmile.com
service@smmile.com
career@smmile.com
community@smmile.com
opportunities@smmile.com
social@webdesigner.com.sg
marketing@webdesigner.com.sg
hello@webdesigner.com.sg
contact@webdesigner.com.sg
support@webdesigner.com.sg
info@webdesigner.com.sg
press@webdesigner.com.sg
media@webdesigner.com.sg
team@webdesigner.com.sg
sales@webdesigner.com.sg
equiries@webdesigner.com.sg
help@webdesigner.com.sg
busines@webdesigner.com.sg
service@webdesigner.com.sg
career@webdesigner.com.sg
community@webdesigner.com.sg
opportunities@webdesigner.com.sg
social@codelink.io
marketing@codelink.io
hello@codelink.io
contact@codelink.io
support@codelink.io
info@codelink.io
press@codelink.io
media@codelink.io
team@codelink.io
sales@codelink.io
equiries@codelink.io
help@codelink.io
busines@codelink.io
service@codelink.io
career@codelink.io
community@codelink.io
opportunities@codelink.io
social@lavax.co
marketing@lavax.co
hello@lavax.co
contact@lavax.co
support@lavax.co
info@lavax.co
press@lavax.co
media@lavax.co
team@lavax.co
sales@lavax.co
equiries@lavax.co
help@lavax.co
busines@lavax.co
service@lavax.co
career@lavax.co
community@lavax.co
opportunities@lavax.co
social@etechdreams.com
marketing@etechdreams.com
hello@etechdreams.com
contact@etechdreams.com
support@etechdreams.com
info@etechdreams.com
press@etechdreams.com
media@etechdreams.com
team@etechdreams.com
sales@etechdreams.com
equiries@etechdreams.com
help@etechdreams.com
busines@etechdreams.com
service@etechdreams.com
career@etechdreams.com
community@etechdreams.com
opportunities@etechdreams.com
social@skylark.com.sg
marketing@skylark.com.sg
hello@skylark.com.sg
contact@skylark.com.sg
support@skylark.com.sg
info@skylark.com.sg
press@skylark.com.sg
media@skylark.com.sg
team@skylark.com.sg
sales@skylark.com.sg
equiries@skylark.com.sg
help@skylark.com.sg
busines@skylark.com.sg
service@skylark.com.sg
career@skylark.com.sg
community@skylark.com.sg
opportunities@skylark.com.sg
social@yangyangmobile.com
marketing@yangyangmobile.com
hello@yangyangmobile.com
contact@yangyangmobile.com
support@yangyangmobile.com
info@yangyangmobile.com
press@yangyangmobile.com
media@yangyangmobile.com
team@yangyangmobile.com
sales@yangyangmobile.com
equiries@yangyangmobile.com
help@yangyangmobile.com
busines@yangyangmobile.com
service@yangyangmobile.com
career@yangyangmobile.com
community@yangyangmobile.com
opportunities@yangyangmobile.com
social@strongbytestudio.com
marketing@strongbytestudio.com
hello@strongbytestudio.com
contact@strongbytestudio.com
support@strongbytestudio.com
info@strongbytestudio.com
press@strongbytestudio.com
media@strongbytestudio.com
team@strongbytestudio.com
sales@strongbytestudio.com
equiries@strongbytestudio.com
help@strongbytestudio.com
busines@strongbytestudio.com
service@strongbytestudio.com
career@strongbytestudio.com
community@strongbytestudio.com
opportunities@strongbytestudio.com
social@beetlebox.co.id
marketing@beetlebox.co.id
hello@beetlebox.co.id
contact@beetlebox.co.id
support@beetlebox.co.id
info@beetlebox.co.id
press@beetlebox.co.id
media@beetlebox.co.id
team@beetlebox.co.id
sales@beetlebox.co.id
equiries@beetlebox.co.id
help@beetlebox.co.id
busines@beetlebox.co.id
service@beetlebox.co.id
career@beetlebox.co.id
community@beetlebox.co.id
opportunities@beetlebox.co.id
social@zeatech.com.sg
marketing@zeatech.com.sg
hello@zeatech.com.sg
contact@zeatech.com.sg
support@zeatech.com.sg
info@zeatech.com.sg
press@zeatech.com.sg
media@zeatech.com.sg
team@zeatech.com.sg
sales@zeatech.com.sg
equiries@zeatech.com.sg
help@zeatech.com.sg
busines@zeatech.com.sg
service@zeatech.com.sg
career@zeatech.com.sg
community@zeatech.com.sg
opportunities@zeatech.com.sg
social@sginteractive.com.sg
marketing@sginteractive.com.sg
hello@sginteractive.com.sg
contact@sginteractive.com.sg
support@sginteractive.com.sg
info@sginteractive.com.sg
press@sginteractive.com.sg
media@sginteractive.com.sg
team@sginteractive.com.sg
sales@sginteractive.com.sg
equiries@sginteractive.com.sg
help@sginteractive.com.sg
busines@sginteractive.com.sg
service@sginteractive.com.sg
career@sginteractive.com.sg
community@sginteractive.com.sg
opportunities@sginteractive.com.sg
social@brightstars.co.id
marketing@brightstars.co.id
hello@brightstars.co.id
contact@brightstars.co.id
support@brightstars.co.id
info@brightstars.co.id
press@brightstars.co.id
media@brightstars.co.id
team@brightstars.co.id
sales@brightstars.co.id
equiries@brightstars.co.id
help@brightstars.co.id
busines@brightstars.co.id
service@brightstars.co.id
career@brightstars.co.id
community@brightstars.co.id
opportunities@brightstars.co.id
social@frontline.com.sg
marketing@frontline.com.sg
hello@frontline.com.sg
contact@frontline.com.sg
support@frontline.com.sg
info@frontline.com.sg
press@frontline.com.sg
media@frontline.com.sg
team@frontline.com.sg
sales@frontline.com.sg
equiries@frontline.com.sg
help@frontline.com.sg
busines@frontline.com.sg
service@frontline.com.sg
career@frontline.com.sg
community@frontline.com.sg
opportunities@frontline.com.sg
social@bantayso.com
marketing@bantayso.com
hello@bantayso.com
contact@bantayso.com
support@bantayso.com
info@bantayso.com
press@bantayso.com
media@bantayso.com
team@bantayso.com
sales@bantayso.com
equiries@bantayso.com
help@bantayso.com
busines@bantayso.com
service@bantayso.com
career@bantayso.com
community@bantayso.com
opportunities@bantayso.com
social@dactech.vn
marketing@dactech.vn
hello@dactech.vn
contact@dactech.vn
support@dactech.vn
info@dactech.vn
press@dactech.vn
media@dactech.vn
team@dactech.vn
sales@dactech.vn
equiries@dactech.vn
help@dactech.vn
busines@dactech.vn
service@dactech.vn
career@dactech.vn
community@dactech.vn
opportunities@dactech.vn
social@adroit.ph
marketing@adroit.ph
hello@adroit.ph
contact@adroit.ph
support@adroit.ph
info@adroit.ph
press@adroit.ph
media@adroit.ph
team@adroit.ph
sales@adroit.ph
equiries@adroit.ph
help@adroit.ph
busines@adroit.ph
service@adroit.ph
career@adroit.ph
community@adroit.ph
opportunities@adroit.ph
social@incubasys.com
marketing@incubasys.com
hello@incubasys.com
contact@incubasys.com
support@incubasys.com
info@incubasys.com
press@incubasys.com
media@incubasys.com
team@incubasys.com
sales@incubasys.com
equiries@incubasys.com
help@incubasys.com
busines@incubasys.com
service@incubasys.com
career@incubasys.com
community@incubasys.com
opportunities@incubasys.com
social@mroomsoft.com
marketing@mroomsoft.com
hello@mroomsoft.com
contact@mroomsoft.com
support@mroomsoft.com
info@mroomsoft.com
press@mroomsoft.com
media@mroomsoft.com
team@mroomsoft.com
sales@mroomsoft.com
equiries@mroomsoft.com
help@mroomsoft.com
busines@mroomsoft.com
service@mroomsoft.com
career@mroomsoft.com
community@mroomsoft.com
opportunities@mroomsoft.com
social@beesightsoft.com
marketing@beesightsoft.com
hello@beesightsoft.com
contact@beesightsoft.com
support@beesightsoft.com
info@beesightsoft.com
press@beesightsoft.com
media@beesightsoft.com
team@beesightsoft.com
sales@beesightsoft.com
equiries@beesightsoft.com
help@beesightsoft.com
busines@beesightsoft.com
service@beesightsoft.com
career@beesightsoft.com
community@beesightsoft.com
opportunities@beesightsoft.com
social@oozou.com
marketing@oozou.com
hello@oozou.com
contact@oozou.com
support@oozou.com
info@oozou.com
press@oozou.com
media@oozou.com
team@oozou.com
sales@oozou.com
equiries@oozou.com
help@oozou.com
busines@oozou.com
service@oozou.com
career@oozou.com
community@oozou.com
opportunities@oozou.com
social@thinkbitsolutions.com
marketing@thinkbitsolutions.com
hello@thinkbitsolutions.com
contact@thinkbitsolutions.com
support@thinkbitsolutions.com
info@thinkbitsolutions.com
press@thinkbitsolutions.com
media@thinkbitsolutions.com
team@thinkbitsolutions.com
sales@thinkbitsolutions.com
equiries@thinkbitsolutions.com
help@thinkbitsolutions.com
busines@thinkbitsolutions.com
service@thinkbitsolutions.com
career@thinkbitsolutions.com
community@thinkbitsolutions.com
opportunities@thinkbitsolutions.com
social@fireworks.digital
marketing@fireworks.digital
hello@fireworks.digital
contact@fireworks.digital
support@fireworks.digital
info@fireworks.digital
press@fireworks.digital
media@fireworks.digital
team@fireworks.digital
sales@fireworks.digital
equiries@fireworks.digital
help@fireworks.digital
busines@fireworks.digital
service@fireworks.digital
career@fireworks.digital
community@fireworks.digital
opportunities@fireworks.digital
social@segwitz.com
marketing@segwitz.com
hello@segwitz.com
contact@segwitz.com
support@segwitz.com
info@segwitz.com
press@segwitz.com
media@segwitz.com
team@segwitz.com
sales@segwitz.com
equiries@segwitz.com
help@segwitz.com
busines@segwitz.com
service@segwitz.com
career@segwitz.com
community@segwitz.com
opportunities@segwitz.com
social@ant-internet.com
marketing@ant-internet.com
hello@ant-internet.com
contact@ant-internet.com
support@ant-internet.com
info@ant-internet.com
press@ant-internet.com
media@ant-internet.com
team@ant-internet.com
sales@ant-internet.com
equiries@ant-internet.com
help@ant-internet.com
busines@ant-internet.com
service@ant-internet.com
career@ant-internet.com
community@ant-internet.com
opportunities@ant-internet.com
social@dycode.co.id
marketing@dycode.co.id
hello@dycode.co.id
contact@dycode.co.id
support@dycode.co.id
info@dycode.co.id
press@dycode.co.id
media@dycode.co.id
team@dycode.co.id
sales@dycode.co.id
equiries@dycode.co.id
help@dycode.co.id
busines@dycode.co.id
service@dycode.co.id
career@dycode.co.id
community@dycode.co.id
opportunities@dycode.co.id
social@massiveinfinity.com
marketing@massiveinfinity.com
hello@massiveinfinity.com
contact@massiveinfinity.com
support@massiveinfinity.com
info@massiveinfinity.com
press@massiveinfinity.com
media@massiveinfinity.com
team@massiveinfinity.com
sales@massiveinfinity.com
equiries@massiveinfinity.com
help@massiveinfinity.com
busines@massiveinfinity.com
service@massiveinfinity.com
career@massiveinfinity.com
community@massiveinfinity.com
opportunities@massiveinfinity.com
social@solutions.com
marketing@solutions.com
hello@solutions.com
contact@solutions.com
support@solutions.com
info@solutions.com
press@solutions.com
media@solutions.com
team@solutions.com
sales@solutions.com
equiries@solutions.com
help@solutions.com
busines@solutions.com
service@solutions.com
career@solutions.com
community@solutions.com
opportunities@solutions.com
social@stormcreatives.com
marketing@stormcreatives.com
hello@stormcreatives.com
contact@stormcreatives.com
support@stormcreatives.com
info@stormcreatives.com
press@stormcreatives.com
media@stormcreatives.com
team@stormcreatives.com
sales@stormcreatives.com
equiries@stormcreatives.com
help@stormcreatives.com
busines@stormcreatives.com
service@stormcreatives.com
career@stormcreatives.com
community@stormcreatives.com
opportunities@stormcreatives.com
social@professionalsofttech.com
marketing@professionalsofttech.com
hello@professionalsofttech.com
contact@professionalsofttech.com
support@professionalsofttech.com
info@professionalsofttech.com
press@professionalsofttech.com
media@professionalsofttech.com
team@professionalsofttech.com
sales@professionalsofttech.com
equiries@professionalsofttech.com
help@professionalsofttech.com
busines@professionalsofttech.com
service@professionalsofttech.com
career@professionalsofttech.com
community@professionalsofttech.com
opportunities@professionalsofttech.com
social@unitech.vn
marketing@unitech.vn
hello@unitech.vn
contact@unitech.vn
support@unitech.vn
info@unitech.vn
press@unitech.vn
media@unitech.vn
team@unitech.vn
sales@unitech.vn
equiries@unitech.vn
help@unitech.vn
busines@unitech.vn
service@unitech.vn
career@unitech.vn
community@unitech.vn
opportunities@unitech.vn
social@monsolution.com
marketing@monsolution.com
hello@monsolution.com
contact@monsolution.com
support@monsolution.com
info@monsolution.com
press@monsolution.com
media@monsolution.com
team@monsolution.com
sales@monsolution.com
equiries@monsolution.com
help@monsolution.com
busines@monsolution.com
service@monsolution.com
career@monsolution.com
community@monsolution.com
opportunities@monsolution.com
social@inoru.com
marketing@inoru.com
hello@inoru.com
contact@inoru.com
support@inoru.com
info@inoru.com
press@inoru.com
media@inoru.com
team@inoru.com
sales@inoru.com
equiries@inoru.com
help@inoru.com
busines@inoru.com
service@inoru.com
career@inoru.com
community@inoru.com
opportunities@inoru.com
social@innovationpunks.com
marketing@innovationpunks.com
hello@innovationpunks.com
contact@innovationpunks.com
support@innovationpunks.com
info@innovationpunks.com
press@innovationpunks.com
media@innovationpunks.com
team@innovationpunks.com
sales@innovationpunks.com
equiries@innovationpunks.com
help@innovationpunks.com
busines@innovationpunks.com
service@innovationpunks.com
career@innovationpunks.com
community@innovationpunks.com
opportunities@innovationpunks.com
social@hermesinfotech.com
marketing@hermesinfotech.com
hello@hermesinfotech.com
contact@hermesinfotech.com
support@hermesinfotech.com
info@hermesinfotech.com
press@hermesinfotech.com
media@hermesinfotech.com
team@hermesinfotech.com
sales@hermesinfotech.com
equiries@hermesinfotech.com
help@hermesinfotech.com
busines@hermesinfotech.com
service@hermesinfotech.com
career@hermesinfotech.com
community@hermesinfotech.com
opportunities@hermesinfotech.com
social@milkcreative.my
marketing@milkcreative.my
hello@milkcreative.my
contact@milkcreative.my
support@milkcreative.my
info@milkcreative.my
press@milkcreative.my
media@milkcreative.my
team@milkcreative.my
sales@milkcreative.my
equiries@milkcreative.my
help@milkcreative.my
busines@milkcreative.my
service@milkcreative.my
career@milkcreative.my
community@milkcreative.my
opportunities@milkcreative.my
social@antking.asia
marketing@antking.asia
hello@antking.asia
contact@antking.asia
support@antking.asia
info@antking.asia
press@antking.asia
media@antking.asia
team@antking.asia
sales@antking.asia
equiries@antking.asia
help@antking.asia
busines@antking.asia
service@antking.asia
career@antking.asia
community@antking.asia
opportunities@antking.asia
social@sunpro.com.sg
marketing@sunpro.com.sg
hello@sunpro.com.sg
contact@sunpro.com.sg
support@sunpro.com.sg
info@sunpro.com.sg
press@sunpro.com.sg
media@sunpro.com.sg
team@sunpro.com.sg
sales@sunpro.com.sg
equiries@sunpro.com.sg
help@sunpro.com.sg
busines@sunpro.com.sg
service@sunpro.com.sg
career@sunpro.com.sg
community@sunpro.com.sg
opportunities@sunpro.com.sg
social@mobilemindsinc.com
marketing@mobilemindsinc.com
hello@mobilemindsinc.com
contact@mobilemindsinc.com
support@mobilemindsinc.com
info@mobilemindsinc.com
press@mobilemindsinc.com
media@mobilemindsinc.com
team@mobilemindsinc.com
sales@mobilemindsinc.com
equiries@mobilemindsinc.com
help@mobilemindsinc.com
busines@mobilemindsinc.com
service@mobilemindsinc.com
career@mobilemindsinc.com
community@mobilemindsinc.com
opportunities@mobilemindsinc.com
social@icts.vn
marketing@icts.vn
hello@icts.vn
contact@icts.vn
support@icts.vn
info@icts.vn
press@icts.vn
media@icts.vn
team@icts.vn
sales@icts.vn
equiries@icts.vn
help@icts.vn
busines@icts.vn
service@icts.vn
career@icts.vn
community@icts.vn
opportunities@icts.vn
social@mobytelab.com
marketing@mobytelab.com
hello@mobytelab.com
contact@mobytelab.com
support@mobytelab.com
info@mobytelab.com
press@mobytelab.com
media@mobytelab.com
team@mobytelab.com
sales@mobytelab.com
equiries@mobytelab.com
help@mobytelab.com
busines@mobytelab.com
service@mobytelab.com
career@mobytelab.com
community@mobytelab.com
opportunities@mobytelab.com
social@digital.com
marketing@digital.com
hello@digital.com
contact@digital.com
support@digital.com
info@digital.com
press@digital.com
media@digital.com
team@digital.com
sales@digital.com
equiries@digital.com
help@digital.com
busines@digital.com
service@digital.com
career@digital.com
community@digital.com
opportunities@digital.com
social@cpi.com.ph
marketing@cpi.com.ph
hello@cpi.com.ph
contact@cpi.com.ph
support@cpi.com.ph
info@cpi.com.ph
press@cpi.com.ph
media@cpi.com.ph
team@cpi.com.ph
sales@cpi.com.ph
equiries@cpi.com.ph
help@cpi.com.ph
busines@cpi.com.ph
service@cpi.com.ph
career@cpi.com.ph
community@cpi.com.ph
opportunities@cpi.com.ph
social@waostudio.com
marketing@waostudio.com
hello@waostudio.com
contact@waostudio.com
support@waostudio.com
info@waostudio.com
press@waostudio.com
media@waostudio.com
team@waostudio.com
sales@waostudio.com
equiries@waostudio.com
help@waostudio.com
busines@waostudio.com
service@waostudio.com
career@waostudio.com
community@waostudio.com
opportunities@waostudio.com
social@gosstech.com.sg
marketing@gosstech.com.sg
hello@gosstech.com.sg
contact@gosstech.com.sg
support@gosstech.com.sg
info@gosstech.com.sg
press@gosstech.com.sg
media@gosstech.com.sg
team@gosstech.com.sg
sales@gosstech.com.sg
equiries@gosstech.com.sg
help@gosstech.com.sg
busines@gosstech.com.sg
service@gosstech.com.sg
career@gosstech.com.sg
community@gosstech.com.sg
opportunities@gosstech.com.sg
social@software.vyrox.com
marketing@software.vyrox.com
hello@software.vyrox.com
contact@software.vyrox.com
support@software.vyrox.com
info@software.vyrox.com
press@software.vyrox.com
media@software.vyrox.com
team@software.vyrox.com
sales@software.vyrox.com
equiries@software.vyrox.com
help@software.vyrox.com
busines@software.vyrox.com
service@software.vyrox.com
career@software.vyrox.com
community@software.vyrox.com
opportunities@software.vyrox.com
social@mitrais.com
marketing@mitrais.com
hello@mitrais.com
contact@mitrais.com
support@mitrais.com
info@mitrais.com
press@mitrais.com
media@mitrais.com
team@mitrais.com
sales@mitrais.com
equiries@mitrais.com
help@mitrais.com
busines@mitrais.com
service@mitrais.com
career@mitrais.com
community@mitrais.com
opportunities@mitrais.com
social@khmergaming.com
marketing@khmergaming.com
hello@khmergaming.com
contact@khmergaming.com
support@khmergaming.com
info@khmergaming.com
press@khmergaming.com
media@khmergaming.com
team@khmergaming.com
sales@khmergaming.com
equiries@khmergaming.com
help@khmergaming.com
busines@khmergaming.com
service@khmergaming.com
career@khmergaming.com
community@khmergaming.com
opportunities@khmergaming.com
social@ndimensionz.com
marketing@ndimensionz.com
hello@ndimensionz.com
contact@ndimensionz.com
support@ndimensionz.com
info@ndimensionz.com
press@ndimensionz.com
media@ndimensionz.com
team@ndimensionz.com
sales@ndimensionz.com
equiries@ndimensionz.com
help@ndimensionz.com
busines@ndimensionz.com
service@ndimensionz.com
career@ndimensionz.com
community@ndimensionz.com
opportunities@ndimensionz.com
social@hanel.com.vn
marketing@hanel.com.vn
hello@hanel.com.vn
contact@hanel.com.vn
support@hanel.com.vn
info@hanel.com.vn
press@hanel.com.vn
media@hanel.com.vn
team@hanel.com.vn
sales@hanel.com.vn
equiries@hanel.com.vn
help@hanel.com.vn
busines@hanel.com.vn
service@hanel.com.vn
career@hanel.com.vn
community@hanel.com.vn
opportunities@hanel.com.vn
social@wesimplifymarketing.com
marketing@wesimplifymarketing.com
hello@wesimplifymarketing.com
contact@wesimplifymarketing.com
support@wesimplifymarketing.com
info@wesimplifymarketing.com
press@wesimplifymarketing.com
media@wesimplifymarketing.com
team@wesimplifymarketing.com
sales@wesimplifymarketing.com
equiries@wesimplifymarketing.com
help@wesimplifymarketing.com
busines@wesimplifymarketing.com
service@wesimplifymarketing.com
career@wesimplifymarketing.com
community@wesimplifymarketing.com
opportunities@wesimplifymarketing.com
social@cssindia.com
marketing@cssindia.com
hello@cssindia.com
contact@cssindia.com
support@cssindia.com
info@cssindia.com
press@cssindia.com
media@cssindia.com
team@cssindia.com
sales@cssindia.com
equiries@cssindia.com
help@cssindia.com
busines@cssindia.com
service@cssindia.com
career@cssindia.com
community@cssindia.com
opportunities@cssindia.com
social@demellows.com
marketing@demellows.com
hello@demellows.com
contact@demellows.com
support@demellows.com
info@demellows.com
press@demellows.com
media@demellows.com
team@demellows.com
sales@demellows.com
equiries@demellows.com
help@demellows.com
busines@demellows.com
service@demellows.com
career@demellows.com
community@demellows.com
opportunities@demellows.com
social@xsosys.com
marketing@xsosys.com
hello@xsosys.com
contact@xsosys.com
support@xsosys.com
info@xsosys.com
press@xsosys.com
media@xsosys.com
team@xsosys.com
sales@xsosys.com
equiries@xsosys.com
help@xsosys.com
busines@xsosys.com
service@xsosys.com
career@xsosys.com
community@xsosys.com
opportunities@xsosys.com
social@ideaverse.com.sg
marketing@ideaverse.com.sg
hello@ideaverse.com.sg
contact@ideaverse.com.sg
support@ideaverse.com.sg
info@ideaverse.com.sg
press@ideaverse.com.sg
media@ideaverse.com.sg
team@ideaverse.com.sg
sales@ideaverse.com.sg
equiries@ideaverse.com.sg
help@ideaverse.com.sg
busines@ideaverse.com.sg
service@ideaverse.com.sg
career@ideaverse.com.sg
community@ideaverse.com.sg
opportunities@ideaverse.com.sg
social@greenglobal.vn
marketing@greenglobal.vn
hello@greenglobal.vn
contact@greenglobal.vn
support@greenglobal.vn
info@greenglobal.vn
press@greenglobal.vn
media@greenglobal.vn
team@greenglobal.vn
sales@greenglobal.vn
equiries@greenglobal.vn
help@greenglobal.vn
busines@greenglobal.vn
service@greenglobal.vn
career@greenglobal.vn
community@greenglobal.vn
opportunities@greenglobal.vn
social@si.vn
marketing@si.vn
hello@si.vn
contact@si.vn
support@si.vn
info@si.vn
press@si.vn
media@si.vn
team@si.vn
sales@si.vn
equiries@si.vn
help@si.vn
busines@si.vn
service@si.vn
career@si.vn
community@si.vn
opportunities@si.vn
social@tvo.vn
marketing@tvo.vn
hello@tvo.vn
contact@tvo.vn
support@tvo.vn
info@tvo.vn
press@tvo.vn
media@tvo.vn
team@tvo.vn
sales@tvo.vn
equiries@tvo.vn
help@tvo.vn
busines@tvo.vn
service@tvo.vn
career@tvo.vn
community@tvo.vn
opportunities@tvo.vn
social@pcits.com.sg
marketing@pcits.com.sg
hello@pcits.com.sg
contact@pcits.com.sg
support@pcits.com.sg
info@pcits.com.sg
press@pcits.com.sg
media@pcits.com.sg
team@pcits.com.sg
sales@pcits.com.sg
equiries@pcits.com.sg
help@pcits.com.sg
busines@pcits.com.sg
service@pcits.com.sg
career@pcits.com.sg
community@pcits.com.sg
opportunities@pcits.com.sg
social@terralogic.com
marketing@terralogic.com
hello@terralogic.com
contact@terralogic.com
support@terralogic.com
info@terralogic.com
press@terralogic.com
media@terralogic.com
team@terralogic.com
sales@terralogic.com
equiries@terralogic.com
help@terralogic.com
busines@terralogic.com
service@terralogic.com
career@terralogic.com
community@terralogic.com
opportunities@terralogic.com
social@sioux.asia
marketing@sioux.asia
hello@sioux.asia
contact@sioux.asia
support@sioux.asia
info@sioux.asia
press@sioux.asia
media@sioux.asia
team@sioux.asia
sales@sioux.asia
equiries@sioux.asia
help@sioux.asia
busines@sioux.asia
service@sioux.asia
career@sioux.asia
community@sioux.asia
opportunities@sioux.asia
social@wishbone.com.sg
marketing@wishbone.com.sg
hello@wishbone.com.sg
contact@wishbone.com.sg
support@wishbone.com.sg
info@wishbone.com.sg
press@wishbone.com.sg
media@wishbone.com.sg
team@wishbone.com.sg
sales@wishbone.com.sg
equiries@wishbone.com.sg
help@wishbone.com.sg
busines@wishbone.com.sg
service@wishbone.com.sg
career@wishbone.com.sg
community@wishbone.com.sg
opportunities@wishbone.com.sg
social@kana.co.id
marketing@kana.co.id
hello@kana.co.id
contact@kana.co.id
support@kana.co.id
info@kana.co.id
press@kana.co.id
media@kana.co.id
team@kana.co.id
sales@kana.co.id
equiries@kana.co.id
help@kana.co.id
busines@kana.co.id
service@kana.co.id
career@kana.co.id
community@kana.co.id
opportunities@kana.co.id
social@aspire.sg
marketing@aspire.sg
hello@aspire.sg
contact@aspire.sg
support@aspire.sg
info@aspire.sg
press@aspire.sg
media@aspire.sg
team@aspire.sg
sales@aspire.sg
equiries@aspire.sg
help@aspire.sg
busines@aspire.sg
service@aspire.sg
career@aspire.sg
community@aspire.sg
opportunities@aspire.sg
social@pongodev.com
marketing@pongodev.com
hello@pongodev.com
contact@pongodev.com
support@pongodev.com
info@pongodev.com
press@pongodev.com
media@pongodev.com
team@pongodev.com
sales@pongodev.com
equiries@pongodev.com
help@pongodev.com
busines@pongodev.com
service@pongodev.com
career@pongodev.com
community@pongodev.com
opportunities@pongodev.com
social@oceansoftvietnam.com
marketing@oceansoftvietnam.com
hello@oceansoftvietnam.com
contact@oceansoftvietnam.com
support@oceansoftvietnam.com
info@oceansoftvietnam.com
press@oceansoftvietnam.com
media@oceansoftvietnam.com
team@oceansoftvietnam.com
sales@oceansoftvietnam.com
equiries@oceansoftvietnam.com
help@oceansoftvietnam.com
busines@oceansoftvietnam.com
service@oceansoftvietnam.com
career@oceansoftvietnam.com
community@oceansoftvietnam.com
opportunities@oceansoftvietnam.com
social@idbtec.com
marketing@idbtec.com
hello@idbtec.com
contact@idbtec.com
support@idbtec.com
info@idbtec.com
press@idbtec.com
media@idbtec.com
team@idbtec.com
sales@idbtec.com
equiries@idbtec.com
help@idbtec.com
busines@idbtec.com
service@idbtec.com
career@idbtec.com
community@idbtec.com
opportunities@idbtec.com
social@dsc.vn
marketing@dsc.vn
hello@dsc.vn
contact@dsc.vn
support@dsc.vn
info@dsc.vn
press@dsc.vn
media@dsc.vn
team@dsc.vn
sales@dsc.vn
equiries@dsc.vn
help@dsc.vn
busines@dsc.vn
service@dsc.vn
career@dsc.vn
community@dsc.vn
opportunities@dsc.vn
social@wizerstudios.sg
marketing@wizerstudios.sg
hello@wizerstudios.sg
contact@wizerstudios.sg
support@wizerstudios.sg
info@wizerstudios.sg
press@wizerstudios.sg
media@wizerstudios.sg
team@wizerstudios.sg
sales@wizerstudios.sg
equiries@wizerstudios.sg
help@wizerstudios.sg
busines@wizerstudios.sg
service@wizerstudios.sg
career@wizerstudios.sg
community@wizerstudios.sg
opportunities@wizerstudios.sg
social@vfftech.com
marketing@vfftech.com
hello@vfftech.com
contact@vfftech.com
support@vfftech.com
info@vfftech.com
press@vfftech.com
media@vfftech.com
team@vfftech.com
sales@vfftech.com
equiries@vfftech.com
help@vfftech.com
busines@vfftech.com
service@vfftech.com
career@vfftech.com
community@vfftech.com
opportunities@vfftech.com
social@sumofy.me
marketing@sumofy.me
hello@sumofy.me
contact@sumofy.me
support@sumofy.me
info@sumofy.me
press@sumofy.me
media@sumofy.me
team@sumofy.me
sales@sumofy.me
equiries@sumofy.me
help@sumofy.me
busines@sumofy.me
service@sumofy.me
career@sumofy.me
community@sumofy.me
opportunities@sumofy.me
social@vodjo.com
marketing@vodjo.com
hello@vodjo.com
contact@vodjo.com
support@vodjo.com
info@vodjo.com
press@vodjo.com
media@vodjo.com
team@vodjo.com
sales@vodjo.com
equiries@vodjo.com
help@vodjo.com
busines@vodjo.com
service@vodjo.com
career@vodjo.com
community@vodjo.com
opportunities@vodjo.com
social@appdevelopment.com.sg
marketing@appdevelopment.com.sg
hello@appdevelopment.com.sg
contact@appdevelopment.com.sg
support@appdevelopment.com.sg
info@appdevelopment.com.sg
press@appdevelopment.com.sg
media@appdevelopment.com.sg
team@appdevelopment.com.sg
sales@appdevelopment.com.sg
equiries@appdevelopment.com.sg
help@appdevelopment.com.sg
busines@appdevelopment.com.sg
service@appdevelopment.com.sg
career@appdevelopment.com.sg
community@appdevelopment.com.sg
opportunities@appdevelopment.com.sg
social@tplusinteractive.com
marketing@tplusinteractive.com
hello@tplusinteractive.com
contact@tplusinteractive.com
support@tplusinteractive.com
info@tplusinteractive.com
press@tplusinteractive.com
media@tplusinteractive.com
team@tplusinteractive.com
sales@tplusinteractive.com
equiries@tplusinteractive.com
help@tplusinteractive.com
busines@tplusinteractive.com
service@tplusinteractive.com
career@tplusinteractive.com
community@tplusinteractive.com
opportunities@tplusinteractive.com
social@fuse.sg
marketing@fuse.sg
hello@fuse.sg
contact@fuse.sg
support@fuse.sg
info@fuse.sg
press@fuse.sg
media@fuse.sg
team@fuse.sg
sales@fuse.sg
equiries@fuse.sg
help@fuse.sg
busines@fuse.sg
service@fuse.sg
career@fuse.sg
community@fuse.sg
opportunities@fuse.sg
social@opussoft.com.sg
marketing@opussoft.com.sg
hello@opussoft.com.sg
contact@opussoft.com.sg
support@opussoft.com.sg
info@opussoft.com.sg
press@opussoft.com.sg
media@opussoft.com.sg
team@opussoft.com.sg
sales@opussoft.com.sg
equiries@opussoft.com.sg
help@opussoft.com.sg
busines@opussoft.com.sg
service@opussoft.com.sg
career@opussoft.com.sg
community@opussoft.com.sg
opportunities@opussoft.com.sg
social@bestweb.com.sg
marketing@bestweb.com.sg
hello@bestweb.com.sg
contact@bestweb.com.sg
support@bestweb.com.sg
info@bestweb.com.sg
press@bestweb.com.sg
media@bestweb.com.sg
team@bestweb.com.sg
sales@bestweb.com.sg
equiries@bestweb.com.sg
help@bestweb.com.sg
busines@bestweb.com.sg
service@bestweb.com.sg
career@bestweb.com.sg
community@bestweb.com.sg
opportunities@bestweb.com.sg
social@technologies.com
marketing@technologies.com
hello@technologies.com
contact@technologies.com
support@technologies.com
info@technologies.com
press@technologies.com
media@technologies.com
team@technologies.com
sales@technologies.com
equiries@technologies.com
help@technologies.com
busines@technologies.com
service@technologies.com
career@technologies.com
community@technologies.com
opportunities@technologies.com
social@creative.com
marketing@creative.com
hello@creative.com
contact@creative.com
support@creative.com
info@creative.com
press@creative.com
media@creative.com
team@creative.com
sales@creative.com
equiries@creative.com
help@creative.com
busines@creative.com
service@creative.com
career@creative.com
community@creative.com
opportunities@creative.com
social@navybyte.vn
marketing@navybyte.vn
hello@navybyte.vn
contact@navybyte.vn
support@navybyte.vn
info@navybyte.vn
press@navybyte.vn
media@navybyte.vn
team@navybyte.vn
sales@navybyte.vn
equiries@navybyte.vn
help@navybyte.vn
busines@navybyte.vn
service@navybyte.vn
career@navybyte.vn
community@navybyte.vn
opportunities@navybyte.vn
social@eza.com.vn
marketing@eza.com.vn
hello@eza.com.vn
contact@eza.com.vn
support@eza.com.vn
info@eza.com.vn
press@eza.com.vn
media@eza.com.vn
team@eza.com.vn
sales@eza.com.vn
equiries@eza.com.vn
help@eza.com.vn
busines@eza.com.vn
service@eza.com.vn
career@eza.com.vn
community@eza.com.vn
opportunities@eza.com.vn
social@protobulb.io
marketing@protobulb.io
hello@protobulb.io
contact@protobulb.io
support@protobulb.io
info@protobulb.io
press@protobulb.io
media@protobulb.io
team@protobulb.io
sales@protobulb.io
equiries@protobulb.io
help@protobulb.io
busines@protobulb.io
service@protobulb.io
career@protobulb.io
community@protobulb.io
opportunities@protobulb.io
social@inspius.com
marketing@inspius.com
hello@inspius.com
contact@inspius.com
support@inspius.com
info@inspius.com
press@inspius.com
media@inspius.com
team@inspius.com
sales@inspius.com
equiries@inspius.com
help@inspius.com
busines@inspius.com
service@inspius.com
career@inspius.com
community@inspius.com
opportunities@inspius.com
social@chromedia.com
marketing@chromedia.com
hello@chromedia.com
contact@chromedia.com
support@chromedia.com
info@chromedia.com
press@chromedia.com
media@chromedia.com
team@chromedia.com
sales@chromedia.com
equiries@chromedia.com
help@chromedia.com
busines@chromedia.com
service@chromedia.com
career@chromedia.com
community@chromedia.com
opportunities@chromedia.com
social@ranosys.com
marketing@ranosys.com
hello@ranosys.com
contact@ranosys.com
support@ranosys.com
info@ranosys.com
press@ranosys.com
media@ranosys.com
team@ranosys.com
sales@ranosys.com
equiries@ranosys.com
help@ranosys.com
busines@ranosys.com
service@ranosys.com
career@ranosys.com
community@ranosys.com
opportunities@ranosys.com
social@flitwebs.com
marketing@flitwebs.com
hello@flitwebs.com
contact@flitwebs.com
support@flitwebs.com
info@flitwebs.com
press@flitwebs.com
media@flitwebs.com
team@flitwebs.com
sales@flitwebs.com
equiries@flitwebs.com
help@flitwebs.com
busines@flitwebs.com
service@flitwebs.com
career@flitwebs.com
community@flitwebs.com
opportunities@flitwebs.com
social@hdwebsoft.com
marketing@hdwebsoft.com
hello@hdwebsoft.com
contact@hdwebsoft.com
support@hdwebsoft.com
info@hdwebsoft.com
press@hdwebsoft.com
media@hdwebsoft.com
team@hdwebsoft.com
sales@hdwebsoft.com
equiries@hdwebsoft.com
help@hdwebsoft.com
busines@hdwebsoft.com
service@hdwebsoft.com
career@hdwebsoft.com
community@hdwebsoft.com
opportunities@hdwebsoft.com
social@snappymob.com
marketing@snappymob.com
hello@snappymob.com
contact@snappymob.com
support@snappymob.com
info@snappymob.com
press@snappymob.com
media@snappymob.com
team@snappymob.com
sales@snappymob.com
equiries@snappymob.com
help@snappymob.com
busines@snappymob.com
service@snappymob.com
career@snappymob.com
community@snappymob.com
opportunities@snappymob.com
social@flacom.com
marketing@flacom.com
hello@flacom.com
contact@flacom.com
support@flacom.com
info@flacom.com
press@flacom.com
media@flacom.com
team@flacom.com
sales@flacom.com
equiries@flacom.com
help@flacom.com
busines@flacom.com
service@flacom.com
career@flacom.com
community@flacom.com
opportunities@flacom.com
social@dihardjasoftware.com
marketing@dihardjasoftware.com
hello@dihardjasoftware.com
contact@dihardjasoftware.com
support@dihardjasoftware.com
info@dihardjasoftware.com
press@dihardjasoftware.com
media@dihardjasoftware.com
team@dihardjasoftware.com
sales@dihardjasoftware.com
equiries@dihardjasoftware.com
help@dihardjasoftware.com
busines@dihardjasoftware.com
service@dihardjasoftware.com
career@dihardjasoftware.com
community@dihardjasoftware.com
opportunities@dihardjasoftware.com
social@agmostudio.com
marketing@agmostudio.com
hello@agmostudio.com
contact@agmostudio.com
support@agmostudio.com
info@agmostudio.com
press@agmostudio.com
media@agmostudio.com
team@agmostudio.com
sales@agmostudio.com
equiries@agmostudio.com
help@agmostudio.com
busines@agmostudio.com
service@agmostudio.com
career@agmostudio.com
community@agmostudio.com
opportunities@agmostudio.com
social@newwave.vn
marketing@newwave.vn
hello@newwave.vn
contact@newwave.vn
support@newwave.vn
info@newwave.vn
press@newwave.vn
media@newwave.vn
team@newwave.vn
sales@newwave.vn
equiries@newwave.vn
help@newwave.vn
busines@newwave.vn
service@newwave.vn
career@newwave.vn
community@newwave.vn
opportunities@newwave.vn
social@singapore.fortune-softtech.com
marketing@singapore.fortune-softtech.com
hello@singapore.fortune-softtech.com
contact@singapore.fortune-softtech.com
support@singapore.fortune-softtech.com
info@singapore.fortune-softtech.com
press@singapore.fortune-softtech.com
media@singapore.fortune-softtech.com
team@singapore.fortune-softtech.com
sales@singapore.fortune-softtech.com
equiries@singapore.fortune-softtech.com
help@singapore.fortune-softtech.com
busines@singapore.fortune-softtech.com
service@singapore.fortune-softtech.com
career@singapore.fortune-softtech.com
community@singapore.fortune-softtech.com
opportunities@singapore.fortune-softtech.com
social@highlysucceed.com
marketing@highlysucceed.com
hello@highlysucceed.com
contact@highlysucceed.com
support@highlysucceed.com
info@highlysucceed.com
press@highlysucceed.com
media@highlysucceed.com
team@highlysucceed.com
sales@highlysucceed.com
equiries@highlysucceed.com
help@highlysucceed.com
busines@highlysucceed.com
service@highlysucceed.com
career@highlysucceed.com
community@highlysucceed.com
opportunities@highlysucceed.com
social@blueninja.io
marketing@blueninja.io
hello@blueninja.io
contact@blueninja.io
support@blueninja.io
info@blueninja.io
press@blueninja.io
media@blueninja.io
team@blueninja.io
sales@blueninja.io
equiries@blueninja.io
help@blueninja.io
busines@blueninja.io
service@blueninja.io
career@blueninja.io
community@blueninja.io
opportunities@blueninja.io
social@bond.com.vn
marketing@bond.com.vn
hello@bond.com.vn
contact@bond.com.vn
support@bond.com.vn
info@bond.com.vn
press@bond.com.vn
media@bond.com.vn
team@bond.com.vn
sales@bond.com.vn
equiries@bond.com.vn
help@bond.com.vn
busines@bond.com.vn
service@bond.com.vn
career@bond.com.vn
community@bond.com.vn
opportunities@bond.com.vn
social@chimeratechnologies.com
marketing@chimeratechnologies.com
hello@chimeratechnologies.com
contact@chimeratechnologies.com
support@chimeratechnologies.com
info@chimeratechnologies.com
press@chimeratechnologies.com
media@chimeratechnologies.com
team@chimeratechnologies.com
sales@chimeratechnologies.com
equiries@chimeratechnologies.com
help@chimeratechnologies.com
busines@chimeratechnologies.com
service@chimeratechnologies.com
career@chimeratechnologies.com
community@chimeratechnologies.com
opportunities@chimeratechnologies.com
social@computaris.com
marketing@computaris.com
hello@computaris.com
contact@computaris.com
support@computaris.com
info@computaris.com
press@computaris.com
media@computaris.com
team@computaris.com
sales@computaris.com
equiries@computaris.com
help@computaris.com
busines@computaris.com
service@computaris.com
career@computaris.com
community@computaris.com
opportunities@computaris.com
social@texodesign.com.au
marketing@texodesign.com.au
hello@texodesign.com.au
contact@texodesign.com.au
support@texodesign.com.au
info@texodesign.com.au
press@texodesign.com.au
media@texodesign.com.au
team@texodesign.com.au
sales@texodesign.com.au
equiries@texodesign.com.au
help@texodesign.com.au
busines@texodesign.com.au
service@texodesign.com.au
career@texodesign.com.au
community@texodesign.com.au
opportunities@texodesign.com.au
social@searchguru.co
marketing@searchguru.co
hello@searchguru.co
contact@searchguru.co
support@searchguru.co
info@searchguru.co
press@searchguru.co
media@searchguru.co
team@searchguru.co
sales@searchguru.co
equiries@searchguru.co
help@searchguru.co
busines@searchguru.co
service@searchguru.co
career@searchguru.co
community@searchguru.co
opportunities@searchguru.co
social@unictive.com
marketing@unictive.com
hello@unictive.com
contact@unictive.com
support@unictive.com
info@unictive.com
press@unictive.com
media@unictive.com
team@unictive.com
sales@unictive.com
equiries@unictive.com
help@unictive.com
busines@unictive.com
service@unictive.com
career@unictive.com
community@unictive.com
opportunities@unictive.com
social@indovti.com
marketing@indovti.com
hello@indovti.com
contact@indovti.com
support@indovti.com
info@indovti.com
press@indovti.com
media@indovti.com
team@indovti.com
sales@indovti.com
equiries@indovti.com
help@indovti.com
busines@indovti.com
service@indovti.com
career@indovti.com
community@indovti.com
opportunities@indovti.com
social@jogo.vn
marketing@jogo.vn
hello@jogo.vn
contact@jogo.vn
support@jogo.vn
info@jogo.vn
press@jogo.vn
media@jogo.vn
team@jogo.vn
sales@jogo.vn
equiries@jogo.vn
help@jogo.vn
busines@jogo.vn
service@jogo.vn
career@jogo.vn
community@jogo.vn
opportunities@jogo.vn
social@iprospect.com
marketing@iprospect.com
hello@iprospect.com
contact@iprospect.com
support@iprospect.com
info@iprospect.com
press@iprospect.com
media@iprospect.com
team@iprospect.com
sales@iprospect.com
equiries@iprospect.com
help@iprospect.com
busines@iprospect.com
service@iprospect.com
career@iprospect.com
community@iprospect.com
opportunities@iprospect.com
social@spider.vn
marketing@spider.vn
hello@spider.vn
contact@spider.vn
support@spider.vn
info@spider.vn
press@spider.vn
media@spider.vn
team@spider.vn
sales@spider.vn
equiries@spider.vn
help@spider.vn
busines@spider.vn
service@spider.vn
career@spider.vn
community@spider.vn
opportunities@spider.vn
social@accentuate.com.sg
marketing@accentuate.com.sg
hello@accentuate.com.sg
contact@accentuate.com.sg
support@accentuate.com.sg
info@accentuate.com.sg
press@accentuate.com.sg
media@accentuate.com.sg
team@accentuate.com.sg
sales@accentuate.com.sg
equiries@accentuate.com.sg
help@accentuate.com.sg
busines@accentuate.com.sg
service@accentuate.com.sg
career@accentuate.com.sg
community@accentuate.com.sg
opportunities@accentuate.com.sg
social@nexstream.com.my
marketing@nexstream.com.my
hello@nexstream.com.my
contact@nexstream.com.my
support@nexstream.com.my
info@nexstream.com.my
press@nexstream.com.my
media@nexstream.com.my
team@nexstream.com.my
sales@nexstream.com.my
equiries@nexstream.com.my
help@nexstream.com.my
busines@nexstream.com.my
service@nexstream.com.my
career@nexstream.com.my
community@nexstream.com.my
opportunities@nexstream.com.my
social@bigin.vn
marketing@bigin.vn
hello@bigin.vn
contact@bigin.vn
support@bigin.vn
info@bigin.vn
press@bigin.vn
media@bigin.vn
team@bigin.vn
sales@bigin.vn
equiries@bigin.vn
help@bigin.vn
busines@bigin.vn
service@bigin.vn
career@bigin.vn
community@bigin.vn
opportunities@bigin.vn
social@bescosoftware.com
marketing@bescosoftware.com
hello@bescosoftware.com
contact@bescosoftware.com
support@bescosoftware.com
info@bescosoftware.com
press@bescosoftware.com
media@bescosoftware.com
team@bescosoftware.com
sales@bescosoftware.com
equiries@bescosoftware.com
help@bescosoftware.com
busines@bescosoftware.com
service@bescosoftware.com
career@bescosoftware.com
community@bescosoftware.com
opportunities@bescosoftware.com
social@devblock.net
marketing@devblock.net
hello@devblock.net
contact@devblock.net
support@devblock.net
info@devblock.net
press@devblock.net
media@devblock.net
team@devblock.net
sales@devblock.net
equiries@devblock.net
help@devblock.net
busines@devblock.net
service@devblock.net
career@devblock.net
community@devblock.net
opportunities@devblock.net
social@nuagebiz.tech
marketing@nuagebiz.tech
hello@nuagebiz.tech
contact@nuagebiz.tech
support@nuagebiz.tech
info@nuagebiz.tech
press@nuagebiz.tech
media@nuagebiz.tech
team@nuagebiz.tech
sales@nuagebiz.tech
equiries@nuagebiz.tech
help@nuagebiz.tech
busines@nuagebiz.tech
service@nuagebiz.tech
career@nuagebiz.tech
community@nuagebiz.tech
opportunities@nuagebiz.tech
social@eacomm.com
marketing@eacomm.com
hello@eacomm.com
contact@eacomm.com
support@eacomm.com
info@eacomm.com
press@eacomm.com
media@eacomm.com
team@eacomm.com
sales@eacomm.com
equiries@eacomm.com
help@eacomm.com
busines@eacomm.com
service@eacomm.com
career@eacomm.com
community@eacomm.com
opportunities@eacomm.com
social@upmobilegroup.com
marketing@upmobilegroup.com
hello@upmobilegroup.com
contact@upmobilegroup.com
support@upmobilegroup.com
info@upmobilegroup.com
press@upmobilegroup.com
media@upmobilegroup.com
team@upmobilegroup.com
sales@upmobilegroup.com
equiries@upmobilegroup.com
help@upmobilegroup.com
busines@upmobilegroup.com
service@upmobilegroup.com
career@upmobilegroup.com
community@upmobilegroup.com
opportunities@upmobilegroup.com
social@xenber.com
marketing@xenber.com
hello@xenber.com
contact@xenber.com
support@xenber.com
info@xenber.com
press@xenber.com
media@xenber.com
team@xenber.com
sales@xenber.com
equiries@xenber.com
help@xenber.com
busines@xenber.com
service@xenber.com
career@xenber.com
community@xenber.com
opportunities@xenber.com
social@teamlizer.com
marketing@teamlizer.com
hello@teamlizer.com
contact@teamlizer.com
support@teamlizer.com
info@teamlizer.com
press@teamlizer.com
media@teamlizer.com
team@teamlizer.com
sales@teamlizer.com
equiries@teamlizer.com
help@teamlizer.com
busines@teamlizer.com
service@teamlizer.com
career@teamlizer.com
community@teamlizer.com
opportunities@teamlizer.com
social@mplus.software
marketing@mplus.software
hello@mplus.software
contact@mplus.software
support@mplus.software
info@mplus.software
press@mplus.software
media@mplus.software
team@mplus.software
sales@mplus.software
equiries@mplus.software
help@mplus.software
busines@mplus.software
service@mplus.software
career@mplus.software
community@mplus.software
opportunities@mplus.software
social@cambria.com
marketing@cambria.com
hello@cambria.com
contact@cambria.com
support@cambria.com
info@cambria.com
press@cambria.com
media@cambria.com
team@cambria.com
sales@cambria.com
equiries@cambria.com
help@cambria.com
busines@cambria.com
service@cambria.com
career@cambria.com
community@cambria.com
opportunities@cambria.com
social@yoursite.sg
marketing@yoursite.sg
hello@yoursite.sg
contact@yoursite.sg
support@yoursite.sg
info@yoursite.sg
press@yoursite.sg
media@yoursite.sg
team@yoursite.sg
sales@yoursite.sg
equiries@yoursite.sg
help@yoursite.sg
busines@yoursite.sg
service@yoursite.sg
career@yoursite.sg
community@yoursite.sg
opportunities@yoursite.sg
social@netdesain.com
marketing@netdesain.com
hello@netdesain.com
contact@netdesain.com
support@netdesain.com
info@netdesain.com
press@netdesain.com
media@netdesain.com
team@netdesain.com
sales@netdesain.com
equiries@netdesain.com
help@netdesain.com
busines@netdesain.com
service@netdesain.com
career@netdesain.com
community@netdesain.com
opportunities@netdesain.com
social@cntsb.com
marketing@cntsb.com
hello@cntsb.com
contact@cntsb.com
support@cntsb.com
info@cntsb.com
press@cntsb.com
media@cntsb.com
team@cntsb.com
sales@cntsb.com
equiries@cntsb.com
help@cntsb.com
busines@cntsb.com
service@cntsb.com
career@cntsb.com
community@cntsb.com
opportunities@cntsb.com
social@apdgroup.com
marketing@apdgroup.com
hello@apdgroup.com
contact@apdgroup.com
support@apdgroup.com
info@apdgroup.com
press@apdgroup.com
media@apdgroup.com
team@apdgroup.com
sales@apdgroup.com
equiries@apdgroup.com
help@apdgroup.com
busines@apdgroup.com
service@apdgroup.com
career@apdgroup.com
community@apdgroup.com
opportunities@apdgroup.com
social@freshconsulting.com
marketing@freshconsulting.com
hello@freshconsulting.com
contact@freshconsulting.com
support@freshconsulting.com
info@freshconsulting.com
press@freshconsulting.com
media@freshconsulting.com
team@freshconsulting.com
sales@freshconsulting.com
equiries@freshconsulting.com
help@freshconsulting.com
busines@freshconsulting.com
service@freshconsulting.com
career@freshconsulting.com
community@freshconsulting.com
opportunities@freshconsulting.com
social@openwavecomp.com
marketing@openwavecomp.com
hello@openwavecomp.com
contact@openwavecomp.com
support@openwavecomp.com
info@openwavecomp.com
press@openwavecomp.com
media@openwavecomp.com
team@openwavecomp.com
sales@openwavecomp.com
equiries@openwavecomp.com
help@openwavecomp.com
busines@openwavecomp.com
service@openwavecomp.com
career@openwavecomp.com
community@openwavecomp.com
opportunities@openwavecomp.com
social@iconcept.com.ph
marketing@iconcept.com.ph
hello@iconcept.com.ph
contact@iconcept.com.ph
support@iconcept.com.ph
info@iconcept.com.ph
press@iconcept.com.ph
media@iconcept.com.ph
team@iconcept.com.ph
sales@iconcept.com.ph
equiries@iconcept.com.ph
help@iconcept.com.ph
busines@iconcept.com.ph
service@iconcept.com.ph
career@iconcept.com.ph
community@iconcept.com.ph
opportunities@iconcept.com.ph
social@philwebservices.com
marketing@philwebservices.com
hello@philwebservices.com
contact@philwebservices.com
support@philwebservices.com
info@philwebservices.com
press@philwebservices.com
media@philwebservices.com
team@philwebservices.com
sales@philwebservices.com
equiries@philwebservices.com
help@philwebservices.com
busines@philwebservices.com
service@philwebservices.com
career@philwebservices.com
community@philwebservices.com
opportunities@philwebservices.com
social@lab.com
marketing@lab.com
hello@lab.com
contact@lab.com
support@lab.com
info@lab.com
press@lab.com
media@lab.com
team@lab.com
sales@lab.com
equiries@lab.com
help@lab.com
busines@lab.com
service@lab.com
career@lab.com
community@lab.com
opportunities@lab.com
social@backztagemedia.com
marketing@backztagemedia.com
hello@backztagemedia.com
contact@backztagemedia.com
support@backztagemedia.com
info@backztagemedia.com
press@backztagemedia.com
media@backztagemedia.com
team@backztagemedia.com
sales@backztagemedia.com
equiries@backztagemedia.com
help@backztagemedia.com
busines@backztagemedia.com
service@backztagemedia.com
career@backztagemedia.com
community@backztagemedia.com
opportunities@backztagemedia.com
social@comnet.com.sg
marketing@comnet.com.sg
hello@comnet.com.sg
contact@comnet.com.sg
support@comnet.com.sg
info@comnet.com.sg
press@comnet.com.sg
media@comnet.com.sg
team@comnet.com.sg
sales@comnet.com.sg
equiries@comnet.com.sg
help@comnet.com.sg
busines@comnet.com.sg
service@comnet.com.sg
career@comnet.com.sg
community@comnet.com.sg
opportunities@comnet.com.sg
social@think.web.id
marketing@think.web.id
hello@think.web.id
contact@think.web.id
support@think.web.id
info@think.web.id
press@think.web.id
media@think.web.id
team@think.web.id
sales@think.web.id
equiries@think.web.id
help@think.web.id
busines@think.web.id
service@think.web.id
career@think.web.id
community@think.web.id
opportunities@think.web.id
social@junespringmultimedia.com
marketing@junespringmultimedia.com
hello@junespringmultimedia.com
contact@junespringmultimedia.com
support@junespringmultimedia.com
info@junespringmultimedia.com
press@junespringmultimedia.com
media@junespringmultimedia.com
team@junespringmultimedia.com
sales@junespringmultimedia.com
equiries@junespringmultimedia.com
help@junespringmultimedia.com
busines@junespringmultimedia.com
service@junespringmultimedia.com
career@junespringmultimedia.com
community@junespringmultimedia.com
opportunities@junespringmultimedia.com
social@interactive.com
marketing@interactive.com
hello@interactive.com
contact@interactive.com
support@interactive.com
info@interactive.com
press@interactive.com
media@interactive.com
team@interactive.com
sales@interactive.com
equiries@interactive.com
help@interactive.com
busines@interactive.com
service@interactive.com
career@interactive.com
community@interactive.com
opportunities@interactive.com
social@redpanda.com.my
marketing@redpanda.com.my
hello@redpanda.com.my
contact@redpanda.com.my
support@redpanda.com.my
info@redpanda.com.my
press@redpanda.com.my
media@redpanda.com.my
team@redpanda.com.my
sales@redpanda.com.my
equiries@redpanda.com.my
help@redpanda.com.my
busines@redpanda.com.my
service@redpanda.com.my
career@redpanda.com.my
community@redpanda.com.my
opportunities@redpanda.com.my
social@tiv.com
marketing@tiv.com
hello@tiv.com
contact@tiv.com
support@tiv.com
info@tiv.com
press@tiv.com
media@tiv.com
team@tiv.com
sales@tiv.com
equiries@tiv.com
help@tiv.com
busines@tiv.com
service@tiv.com
career@tiv.com
community@tiv.com
opportunities@tiv.com
social@oasiswebasia.com
marketing@oasiswebasia.com
hello@oasiswebasia.com
contact@oasiswebasia.com
support@oasiswebasia.com
info@oasiswebasia.com
press@oasiswebasia.com
media@oasiswebasia.com
team@oasiswebasia.com
sales@oasiswebasia.com
equiries@oasiswebasia.com
help@oasiswebasia.com
busines@oasiswebasia.com
service@oasiswebasia.com
career@oasiswebasia.com
community@oasiswebasia.com
opportunities@oasiswebasia.com
social@aqi.co.id
marketing@aqi.co.id
hello@aqi.co.id
contact@aqi.co.id
support@aqi.co.id
info@aqi.co.id
press@aqi.co.id
media@aqi.co.id
team@aqi.co.id
sales@aqi.co.id
equiries@aqi.co.id
help@aqi.co.id
busines@aqi.co.id
service@aqi.co.id
career@aqi.co.id
community@aqi.co.id
opportunities@aqi.co.id
social@webimp.com.sg
marketing@webimp.com.sg
hello@webimp.com.sg
contact@webimp.com.sg
support@webimp.com.sg
info@webimp.com.sg
press@webimp.com.sg
media@webimp.com.sg
team@webimp.com.sg
sales@webimp.com.sg
equiries@webimp.com.sg
help@webimp.com.sg
busines@webimp.com.sg
service@webimp.com.sg
career@webimp.com.sg
community@webimp.com.sg
opportunities@webimp.com.sg
social@tmasolutions.com
marketing@tmasolutions.com
hello@tmasolutions.com
contact@tmasolutions.com
support@tmasolutions.com
info@tmasolutions.com
press@tmasolutions.com
media@tmasolutions.com
team@tmasolutions.com
sales@tmasolutions.com
equiries@tmasolutions.com
help@tmasolutions.com
busines@tmasolutions.com
service@tmasolutions.com
career@tmasolutions.com
community@tmasolutions.com
opportunities@tmasolutions.com
social@ocean.com.vn
marketing@ocean.com.vn
hello@ocean.com.vn
contact@ocean.com.vn
support@ocean.com.vn
info@ocean.com.vn
press@ocean.com.vn
media@ocean.com.vn
team@ocean.com.vn
sales@ocean.com.vn
equiries@ocean.com.vn
help@ocean.com.vn
busines@ocean.com.vn
service@ocean.com.vn
career@ocean.com.vn
community@ocean.com.vn
opportunities@ocean.com.vn
social@cleverus.com
marketing@cleverus.com
hello@cleverus.com
contact@cleverus.com
support@cleverus.com
info@cleverus.com
press@cleverus.com
media@cleverus.com
team@cleverus.com
sales@cleverus.com
equiries@cleverus.com
help@cleverus.com
busines@cleverus.com
service@cleverus.com
career@cleverus.com
community@cleverus.com
opportunities@cleverus.com
social@eannovate.com
marketing@eannovate.com
hello@eannovate.com
contact@eannovate.com
support@eannovate.com
info@eannovate.com
press@eannovate.com
media@eannovate.com
team@eannovate.com
sales@eannovate.com
equiries@eannovate.com
help@eannovate.com
busines@eannovate.com
service@eannovate.com
career@eannovate.com
community@eannovate.com
opportunities@eannovate.com
social@forcom.com
marketing@forcom.com
hello@forcom.com
contact@forcom.com
support@forcom.com
info@forcom.com
press@forcom.com
media@forcom.com
team@forcom.com
sales@forcom.com
equiries@forcom.com
help@forcom.com
busines@forcom.com
service@forcom.com
career@forcom.com
community@forcom.com
opportunities@forcom.com
social@picodio.com
marketing@picodio.com
hello@picodio.com
contact@picodio.com
support@picodio.com
info@picodio.com
press@picodio.com
media@picodio.com
team@picodio.com
sales@picodio.com
equiries@picodio.com
help@picodio.com
busines@picodio.com
service@picodio.com
career@picodio.com
community@picodio.com
opportunities@picodio.com
social@dottystylecreative.com
marketing@dottystylecreative.com
hello@dottystylecreative.com
contact@dottystylecreative.com
support@dottystylecreative.com
info@dottystylecreative.com
press@dottystylecreative.com
media@dottystylecreative.com
team@dottystylecreative.com
sales@dottystylecreative.com
equiries@dottystylecreative.com
help@dottystylecreative.com
busines@dottystylecreative.com
service@dottystylecreative.com
career@dottystylecreative.com
community@dottystylecreative.com
opportunities@dottystylecreative.com
social@octalsoftware.com
marketing@octalsoftware.com
hello@octalsoftware.com
contact@octalsoftware.com
support@octalsoftware.com
info@octalsoftware.com
press@octalsoftware.com
media@octalsoftware.com
team@octalsoftware.com
sales@octalsoftware.com
equiries@octalsoftware.com
help@octalsoftware.com
busines@octalsoftware.com
service@octalsoftware.com
career@octalsoftware.com
community@octalsoftware.com
opportunities@octalsoftware.com
social@applify.co
marketing@applify.co
hello@applify.co
contact@applify.co
support@applify.co
info@applify.co
press@applify.co
media@applify.co
team@applify.co
sales@applify.co
equiries@applify.co
help@applify.co
busines@applify.co
service@applify.co
career@applify.co
community@applify.co
opportunities@applify.co
social@DMInc.com
marketing@DMInc.com
hello@DMInc.com
contact@DMInc.com
support@DMInc.com
info@DMInc.com
press@DMInc.com
media@DMInc.com
team@DMInc.com
sales@DMInc.com
equiries@DMInc.com
help@DMInc.com
busines@DMInc.com
service@DMInc.com
career@DMInc.com
community@DMInc.com
opportunities@DMInc.com
social@arbisoft.com
marketing@arbisoft.com
hello@arbisoft.com
contact@arbisoft.com
support@arbisoft.com
info@arbisoft.com
press@arbisoft.com
media@arbisoft.com
team@arbisoft.com
sales@arbisoft.com
equiries@arbisoft.com
help@arbisoft.com
busines@arbisoft.com
service@arbisoft.com
career@arbisoft.com
community@arbisoft.com
opportunities@arbisoft.com
social@savvycomsoftware.com
marketing@savvycomsoftware.com
hello@savvycomsoftware.com
contact@savvycomsoftware.com
support@savvycomsoftware.com
info@savvycomsoftware.com
press@savvycomsoftware.com
media@savvycomsoftware.com
team@savvycomsoftware.com
sales@savvycomsoftware.com
equiries@savvycomsoftware.com
help@savvycomsoftware.com
busines@savvycomsoftware.com
service@savvycomsoftware.com
career@savvycomsoftware.com
community@savvycomsoftware.com
opportunities@savvycomsoftware.com
social@sneakersagency.com
marketing@sneakersagency.com
hello@sneakersagency.com
contact@sneakersagency.com
support@sneakersagency.com
info@sneakersagency.com
press@sneakersagency.com
media@sneakersagency.com
team@sneakersagency.com
sales@sneakersagency.com
equiries@sneakersagency.com
help@sneakersagency.com
busines@sneakersagency.com
service@sneakersagency.com
career@sneakersagency.com
community@sneakersagency.com
opportunities@sneakersagency.com
social@singsys.com
marketing@singsys.com
hello@singsys.com
contact@singsys.com
support@singsys.com
info@singsys.com
press@singsys.com
media@singsys.com
team@singsys.com
sales@singsys.com
equiries@singsys.com
help@singsys.com
busines@singsys.com
service@singsys.com
career@singsys.com
community@singsys.com
opportunities@singsys.com
social@cognitiveclouds.com
marketing@cognitiveclouds.com
hello@cognitiveclouds.com
contact@cognitiveclouds.com
support@cognitiveclouds.com
info@cognitiveclouds.com
press@cognitiveclouds.com
media@cognitiveclouds.com
team@cognitiveclouds.com
sales@cognitiveclouds.com
equiries@cognitiveclouds.com
help@cognitiveclouds.com
busines@cognitiveclouds.com
service@cognitiveclouds.com
career@cognitiveclouds.com
community@cognitiveclouds.com
opportunities@cognitiveclouds.com
social@lab.com
marketing@lab.com
hello@lab.com
contact@lab.com
support@lab.com
info@lab.com
press@lab.com
media@lab.com
team@lab.com
sales@lab.com
equiries@lab.com
help@lab.com
busines@lab.com
service@lab.com
career@lab.com
community@lab.com
opportunities@lab.com
social@isbx.com
marketing@isbx.com
hello@isbx.com
contact@isbx.com
support@isbx.com
info@isbx.com
press@isbx.com
media@isbx.com
team@isbx.com
sales@isbx.com
equiries@isbx.com
help@isbx.com
busines@isbx.com
service@isbx.com
career@isbx.com
community@isbx.com
opportunities@isbx.com
social@nimbleappgenie.com
marketing@nimbleappgenie.com
hello@nimbleappgenie.com
contact@nimbleappgenie.com
support@nimbleappgenie.com
info@nimbleappgenie.com
press@nimbleappgenie.com
media@nimbleappgenie.com
team@nimbleappgenie.com
sales@nimbleappgenie.com
equiries@nimbleappgenie.com
help@nimbleappgenie.com
busines@nimbleappgenie.com
service@nimbleappgenie.com
career@nimbleappgenie.com
community@nimbleappgenie.com
opportunities@nimbleappgenie.com
social@ingenuity.ph
marketing@ingenuity.ph
hello@ingenuity.ph
contact@ingenuity.ph
support@ingenuity.ph
info@ingenuity.ph
press@ingenuity.ph
media@ingenuity.ph
team@ingenuity.ph
sales@ingenuity.ph
equiries@ingenuity.ph
help@ingenuity.ph
busines@ingenuity.ph
service@ingenuity.ph
career@ingenuity.ph
community@ingenuity.ph
opportunities@ingenuity.ph
social@mst.agency
marketing@mst.agency
hello@mst.agency
contact@mst.agency
support@mst.agency
info@mst.agency
press@mst.agency
media@mst.agency
team@mst.agency
sales@mst.agency
equiries@mst.agency
help@mst.agency
busines@mst.agency
service@mst.agency
career@mst.agency
community@mst.agency
opportunities@mst.agency
social@inapps.net
marketing@inapps.net
hello@inapps.net
contact@inapps.net
support@inapps.net
info@inapps.net
press@inapps.net
media@inapps.net
team@inapps.net
sales@inapps.net
equiries@inapps.net
help@inapps.net
busines@inapps.net
service@inapps.net
career@inapps.net
community@inapps.net
opportunities@inapps.net
social@devtechnosys.com
marketing@devtechnosys.com
hello@devtechnosys.com
contact@devtechnosys.com
support@devtechnosys.com
info@devtechnosys.com
press@devtechnosys.com
media@devtechnosys.com
team@devtechnosys.com
sales@devtechnosys.com
equiries@devtechnosys.com
help@devtechnosys.com
busines@devtechnosys.com
service@devtechnosys.com
career@devtechnosys.com
community@devtechnosys.com
opportunities@devtechnosys.com
social@ventuso.net
marketing@ventuso.net
hello@ventuso.net
contact@ventuso.net
support@ventuso.net
info@ventuso.net
press@ventuso.net
media@ventuso.net
team@ventuso.net
sales@ventuso.net
equiries@ventuso.net
help@ventuso.net
busines@ventuso.net
service@ventuso.net
career@ventuso.net
community@ventuso.net
opportunities@ventuso.net
social@enterprise.affle.com
marketing@enterprise.affle.com
hello@enterprise.affle.com
contact@enterprise.affle.com
support@enterprise.affle.com
info@enterprise.affle.com
press@enterprise.affle.com
media@enterprise.affle.com
team@enterprise.affle.com
sales@enterprise.affle.com
equiries@enterprise.affle.com
help@enterprise.affle.com
busines@enterprise.affle.com
service@enterprise.affle.com
career@enterprise.affle.com
community@enterprise.affle.com
opportunities@enterprise.affle.com
social@appsquadz.com
marketing@appsquadz.com
hello@appsquadz.com
contact@appsquadz.com
support@appsquadz.com
info@appsquadz.com
press@appsquadz.com
media@appsquadz.com
team@appsquadz.com
sales@appsquadz.com
equiries@appsquadz.com
help@appsquadz.com
busines@appsquadz.com
service@appsquadz.com
career@appsquadz.com
community@appsquadz.com
opportunities@appsquadz.com
social@mobiloitte.com
marketing@mobiloitte.com
hello@mobiloitte.com
contact@mobiloitte.com
support@mobiloitte.com
info@mobiloitte.com
press@mobiloitte.com
media@mobiloitte.com
team@mobiloitte.com
sales@mobiloitte.com
equiries@mobiloitte.com
help@mobiloitte.com
busines@mobiloitte.com
service@mobiloitte.com
career@mobiloitte.com
community@mobiloitte.com
opportunities@mobiloitte.com
social@netsetsoftware.com
marketing@netsetsoftware.com
hello@netsetsoftware.com
contact@netsetsoftware.com
support@netsetsoftware.com
info@netsetsoftware.com
press@netsetsoftware.com
media@netsetsoftware.com
team@netsetsoftware.com
sales@netsetsoftware.com
equiries@netsetsoftware.com
help@netsetsoftware.com
busines@netsetsoftware.com
service@netsetsoftware.com
career@netsetsoftware.com
community@netsetsoftware.com
opportunities@netsetsoftware.com
social@internut.my
marketing@internut.my
hello@internut.my
contact@internut.my
support@internut.my
info@internut.my
press@internut.my
media@internut.my
team@internut.my
sales@internut.my
equiries@internut.my
help@internut.my
busines@internut.my
service@internut.my
career@internut.my
community@internut.my
opportunities@internut.my
social@well.vn
marketing@well.vn
hello@well.vn
contact@well.vn
support@well.vn
info@well.vn
press@well.vn
media@well.vn
team@well.vn
sales@well.vn
equiries@well.vn
help@well.vn
busines@well.vn
service@well.vn
career@well.vn
community@well.vn
opportunities@well.vn
social@qsoftvietnam.com
marketing@qsoftvietnam.com
hello@qsoftvietnam.com
contact@qsoftvietnam.com
support@qsoftvietnam.com
info@qsoftvietnam.com
press@qsoftvietnam.com
media@qsoftvietnam.com
team@qsoftvietnam.com
sales@qsoftvietnam.com
equiries@qsoftvietnam.com
help@qsoftvietnam.com
busines@qsoftvietnam.com
service@qsoftvietnam.com
career@qsoftvietnam.com
community@qsoftvietnam.com
opportunities@qsoftvietnam.com
social@createl.la
marketing@createl.la
hello@createl.la
contact@createl.la
support@createl.la
info@createl.la
press@createl.la
media@createl.la
team@createl.la
sales@createl.la
equiries@createl.la
help@createl.la
busines@createl.la
service@createl.la
career@createl.la
community@createl.la
opportunities@createl.la
social@zignuts.com
marketing@zignuts.com
hello@zignuts.com
contact@zignuts.com
support@zignuts.com
info@zignuts.com
press@zignuts.com
media@zignuts.com
team@zignuts.com
sales@zignuts.com
equiries@zignuts.com
help@zignuts.com
busines@zignuts.com
service@zignuts.com
career@zignuts.com
community@zignuts.com
opportunities@zignuts.com
social@whitewidget.com
marketing@whitewidget.com
hello@whitewidget.com
contact@whitewidget.com
support@whitewidget.com
info@whitewidget.com
press@whitewidget.com
media@whitewidget.com
team@whitewidget.com
sales@whitewidget.com
equiries@whitewidget.com
help@whitewidget.com
busines@whitewidget.com
service@whitewidget.com
career@whitewidget.com
community@whitewidget.com
opportunities@whitewidget.com
social@wizeline.com
marketing@wizeline.com
hello@wizeline.com
contact@wizeline.com
support@wizeline.com
info@wizeline.com
press@wizeline.com
media@wizeline.com
team@wizeline.com
sales@wizeline.com
equiries@wizeline.com
help@wizeline.com
busines@wizeline.com
service@wizeline.com
career@wizeline.com
community@wizeline.com
opportunities@wizeline.com
social@yopeso.com
marketing@yopeso.com
hello@yopeso.com
contact@yopeso.com
support@yopeso.com
info@yopeso.com
press@yopeso.com
media@yopeso.com
team@yopeso.com
sales@yopeso.com
equiries@yopeso.com
help@yopeso.com
busines@yopeso.com
service@yopeso.com
career@yopeso.com
community@yopeso.com
opportunities@yopeso.com
social@elinext.com
marketing@elinext.com
hello@elinext.com
contact@elinext.com
support@elinext.com
info@elinext.com
press@elinext.com
media@elinext.com
team@elinext.com
sales@elinext.com
equiries@elinext.com
help@elinext.com
busines@elinext.com
service@elinext.com
career@elinext.com
community@elinext.com
opportunities@elinext.com
social@rocketech.it
marketing@rocketech.it
hello@rocketech.it
contact@rocketech.it
support@rocketech.it
info@rocketech.it
press@rocketech.it
media@rocketech.it
team@rocketech.it
sales@rocketech.it
equiries@rocketech.it
help@rocketech.it
busines@rocketech.it
service@rocketech.it
career@rocketech.it
community@rocketech.it
opportunities@rocketech.it
social@websailors.pro
marketing@websailors.pro
hello@websailors.pro
contact@websailors.pro
support@websailors.pro
info@websailors.pro
press@websailors.pro
media@websailors.pro
team@websailors.pro
sales@websailors.pro
equiries@websailors.pro
help@websailors.pro
busines@websailors.pro
service@websailors.pro
career@websailors.pro
community@websailors.pro
opportunities@websailors.pro
social@mxicoders.com
marketing@mxicoders.com
hello@mxicoders.com
contact@mxicoders.com
support@mxicoders.com
info@mxicoders.com
press@mxicoders.com
media@mxicoders.com
team@mxicoders.com
sales@mxicoders.com
equiries@mxicoders.com
help@mxicoders.com
busines@mxicoders.com
service@mxicoders.com
career@mxicoders.com
community@mxicoders.com
opportunities@mxicoders.com
social@intelegain.com
marketing@intelegain.com
hello@intelegain.com
contact@intelegain.com
support@intelegain.com
info@intelegain.com
press@intelegain.com
media@intelegain.com
team@intelegain.com
sales@intelegain.com
equiries@intelegain.com
help@intelegain.com
busines@intelegain.com
service@intelegain.com
career@intelegain.com
community@intelegain.com
opportunities@intelegain.com
social@globalline.my
marketing@globalline.my
hello@globalline.my
contact@globalline.my
support@globalline.my
info@globalline.my
press@globalline.my
media@globalline.my
team@globalline.my
sales@globalline.my
equiries@globalline.my
help@globalline.my
busines@globalline.my
service@globalline.my
career@globalline.my
community@globalline.my
opportunities@globalline.my
social@axattechnologies.com
marketing@axattechnologies.com
hello@axattechnologies.com
contact@axattechnologies.com
support@axattechnologies.com
info@axattechnologies.com
press@axattechnologies.com
media@axattechnologies.com
team@axattechnologies.com
sales@axattechnologies.com
equiries@axattechnologies.com
help@axattechnologies.com
busines@axattechnologies.com
service@axattechnologies.com
career@axattechnologies.com
community@axattechnologies.com
opportunities@axattechnologies.com
social@cmc.com.vn
marketing@cmc.com.vn
hello@cmc.com.vn
contact@cmc.com.vn
support@cmc.com.vn
info@cmc.com.vn
press@cmc.com.vn
media@cmc.com.vn
team@cmc.com.vn
sales@cmc.com.vn
equiries@cmc.com.vn
help@cmc.com.vn
busines@cmc.com.vn
service@cmc.com.vn
career@cmc.com.vn
community@cmc.com.vn
opportunities@cmc.com.vn
social@waverleysoftware.com
marketing@waverleysoftware.com
hello@waverleysoftware.com
contact@waverleysoftware.com
support@waverleysoftware.com
info@waverleysoftware.com
press@waverleysoftware.com
media@waverleysoftware.com
team@waverleysoftware.com
sales@waverleysoftware.com
equiries@waverleysoftware.com
help@waverleysoftware.com
busines@waverleysoftware.com
service@waverleysoftware.com
career@waverleysoftware.com
community@waverleysoftware.com
opportunities@waverleysoftware.com
social@upstackstudio.com
marketing@upstackstudio.com
hello@upstackstudio.com
contact@upstackstudio.com
support@upstackstudio.com
info@upstackstudio.com
press@upstackstudio.com
media@upstackstudio.com
team@upstackstudio.com
sales@upstackstudio.com
equiries@upstackstudio.com
help@upstackstudio.com
busines@upstackstudio.com
service@upstackstudio.com
career@upstackstudio.com
community@upstackstudio.com
opportunities@upstackstudio.com
social@buuuk.com
marketing@buuuk.com
hello@buuuk.com
contact@buuuk.com
support@buuuk.com
info@buuuk.com
press@buuuk.com
media@buuuk.com
team@buuuk.com
sales@buuuk.com
equiries@buuuk.com
help@buuuk.com
busines@buuuk.com
service@buuuk.com
career@buuuk.com
community@buuuk.com
opportunities@buuuk.com
social@fooyo.sg
marketing@fooyo.sg
hello@fooyo.sg
contact@fooyo.sg
support@fooyo.sg
info@fooyo.sg
press@fooyo.sg
media@fooyo.sg
team@fooyo.sg
sales@fooyo.sg
equiries@fooyo.sg
help@fooyo.sg
busines@fooyo.sg
service@fooyo.sg
career@fooyo.sg
community@fooyo.sg
opportunities@fooyo.sg
social@lizard.global
marketing@lizard.global
hello@lizard.global
contact@lizard.global
support@lizard.global
info@lizard.global
press@lizard.global
media@lizard.global
team@lizard.global
sales@lizard.global
equiries@lizard.global
help@lizard.global
busines@lizard.global
service@lizard.global
career@lizard.global
community@lizard.global
opportunities@lizard.global
social@siclo-mobile.com
marketing@siclo-mobile.com
hello@siclo-mobile.com
contact@siclo-mobile.com
support@siclo-mobile.com
info@siclo-mobile.com
press@siclo-mobile.com
media@siclo-mobile.com
team@siclo-mobile.com
sales@siclo-mobile.com
equiries@siclo-mobile.com
help@siclo-mobile.com
busines@siclo-mobile.com
service@siclo-mobile.com
career@siclo-mobile.com
community@siclo-mobile.com
opportunities@siclo-mobile.com
social@leanstartlab.com
marketing@leanstartlab.com
hello@leanstartlab.com
contact@leanstartlab.com
support@leanstartlab.com
info@leanstartlab.com
press@leanstartlab.com
media@leanstartlab.com
team@leanstartlab.com
sales@leanstartlab.com
equiries@leanstartlab.com
help@leanstartlab.com
busines@leanstartlab.com
service@leanstartlab.com
career@leanstartlab.com
community@leanstartlab.com
opportunities@leanstartlab.com
social@thinkpower.info
marketing@thinkpower.info
hello@thinkpower.info
contact@thinkpower.info
support@thinkpower.info
info@thinkpower.info
press@thinkpower.info
media@thinkpower.info
team@thinkpower.info
sales@thinkpower.info
equiries@thinkpower.info
help@thinkpower.info
busines@thinkpower.info
service@thinkpower.info
career@thinkpower.info
community@thinkpower.info
opportunities@thinkpower.info
social@zenovoir.com
marketing@zenovoir.com
hello@zenovoir.com
contact@zenovoir.com
support@zenovoir.com
info@zenovoir.com
press@zenovoir.com
media@zenovoir.com
team@zenovoir.com
sales@zenovoir.com
equiries@zenovoir.com
help@zenovoir.com
busines@zenovoir.com
service@zenovoir.com
career@zenovoir.com
community@zenovoir.com
opportunities@zenovoir.com
social@powergatesoftware.com
marketing@powergatesoftware.com
hello@powergatesoftware.com
contact@powergatesoftware.com
support@powergatesoftware.com
info@powergatesoftware.com
press@powergatesoftware.com
media@powergatesoftware.com
team@powergatesoftware.com
sales@powergatesoftware.com
equiries@powergatesoftware.com
help@powergatesoftware.com
busines@powergatesoftware.com
service@powergatesoftware.com
career@powergatesoftware.com
community@powergatesoftware.com
opportunities@powergatesoftware.com
social@agilityio.com
marketing@agilityio.com
hello@agilityio.com
contact@agilityio.com
support@agilityio.com
info@agilityio.com
press@agilityio.com
media@agilityio.com
team@agilityio.com
sales@agilityio.com
equiries@agilityio.com
help@agilityio.com
busines@agilityio.com
service@agilityio.com
career@agilityio.com
community@agilityio.com
opportunities@agilityio.com
social@iwa.fi
marketing@iwa.fi
hello@iwa.fi
contact@iwa.fi
support@iwa.fi
info@iwa.fi
press@iwa.fi
media@iwa.fi
team@iwa.fi
sales@iwa.fi
equiries@iwa.fi
help@iwa.fi
busines@iwa.fi
service@iwa.fi
career@iwa.fi
community@iwa.fi
opportunities@iwa.fi
social@amaris.com
marketing@amaris.com
hello@amaris.com
contact@amaris.com
support@amaris.com
info@amaris.com
press@amaris.com
media@amaris.com
team@amaris.com
sales@amaris.com
equiries@amaris.com
help@amaris.com
busines@amaris.com
service@amaris.com
career@amaris.com
community@amaris.com
opportunities@amaris.com
social@surialabs.com
marketing@surialabs.com
hello@surialabs.com
contact@surialabs.com
support@surialabs.com
info@surialabs.com
press@surialabs.com
media@surialabs.com
team@surialabs.com
sales@surialabs.com
equiries@surialabs.com
help@surialabs.com
busines@surialabs.com
service@surialabs.com
career@surialabs.com
community@surialabs.com
opportunities@surialabs.com
social@originallyus.sg
marketing@originallyus.sg
hello@originallyus.sg
contact@originallyus.sg
support@originallyus.sg
info@originallyus.sg
press@originallyus.sg
media@originallyus.sg
team@originallyus.sg
sales@originallyus.sg
equiries@originallyus.sg
help@originallyus.sg
busines@originallyus.sg
service@originallyus.sg
career@originallyus.sg
community@originallyus.sg
opportunities@originallyus.sg
social@AppGuys.com
marketing@AppGuys.com
hello@AppGuys.com
contact@AppGuys.com
support@AppGuys.com
info@AppGuys.com
press@AppGuys.com
media@AppGuys.com
team@AppGuys.com
sales@AppGuys.com
equiries@AppGuys.com
help@AppGuys.com
busines@AppGuys.com
service@AppGuys.com
career@AppGuys.com
community@AppGuys.com
opportunities@AppGuys.com
social@systematixinfotech.com
marketing@systematixinfotech.com
hello@systematixinfotech.com
contact@systematixinfotech.com
support@systematixinfotech.com
info@systematixinfotech.com
press@systematixinfotech.com
media@systematixinfotech.com
team@systematixinfotech.com
sales@systematixinfotech.com
equiries@systematixinfotech.com
help@systematixinfotech.com
busines@systematixinfotech.com
service@systematixinfotech.com
career@systematixinfotech.com
community@systematixinfotech.com
opportunities@systematixinfotech.com
social@kaisoftware.io
marketing@kaisoftware.io
hello@kaisoftware.io
contact@kaisoftware.io
support@kaisoftware.io
info@kaisoftware.io
press@kaisoftware.io
media@kaisoftware.io
team@kaisoftware.io
sales@kaisoftware.io
equiries@kaisoftware.io
help@kaisoftware.io
busines@kaisoftware.io
service@kaisoftware.io
career@kaisoftware.io
community@kaisoftware.io
opportunities@kaisoftware.io
social@omsoftware.net
marketing@omsoftware.net
hello@omsoftware.net
contact@omsoftware.net
support@omsoftware.net
info@omsoftware.net
press@omsoftware.net
media@omsoftware.net
team@omsoftware.net
sales@omsoftware.net
equiries@omsoftware.net
help@omsoftware.net
busines@omsoftware.net
service@omsoftware.net
career@omsoftware.net
community@omsoftware.net
opportunities@omsoftware.net
social@smartdev.vn
marketing@smartdev.vn
hello@smartdev.vn
contact@smartdev.vn
support@smartdev.vn
info@smartdev.vn
press@smartdev.vn
media@smartdev.vn
team@smartdev.vn
sales@smartdev.vn
equiries@smartdev.vn
help@smartdev.vn
busines@smartdev.vn
service@smartdev.vn
career@smartdev.vn
community@smartdev.vn
opportunities@smartdev.vn
social@gomeeki.com
marketing@gomeeki.com
hello@gomeeki.com
contact@gomeeki.com
support@gomeeki.com
info@gomeeki.com
press@gomeeki.com
media@gomeeki.com
team@gomeeki.com
sales@gomeeki.com
equiries@gomeeki.com
help@gomeeki.com
busines@gomeeki.com
service@gomeeki.com
career@gomeeki.com
community@gomeeki.com
opportunities@gomeeki.com
social@popcornapps.com
marketing@popcornapps.com
hello@popcornapps.com
contact@popcornapps.com
support@popcornapps.com
info@popcornapps.com
press@popcornapps.com
media@popcornapps.com
team@popcornapps.com
sales@popcornapps.com
equiries@popcornapps.com
help@popcornapps.com
busines@popcornapps.com
service@popcornapps.com
career@popcornapps.com
community@popcornapps.com
opportunities@popcornapps.com
social@appworksinc.com
marketing@appworksinc.com
hello@appworksinc.com
contact@appworksinc.com
support@appworksinc.com
info@appworksinc.com
press@appworksinc.com
media@appworksinc.com
team@appworksinc.com
sales@appworksinc.com
equiries@appworksinc.com
help@appworksinc.com
busines@appworksinc.com
service@appworksinc.com
career@appworksinc.com
community@appworksinc.com
opportunities@appworksinc.com
social@vinova.sg
marketing@vinova.sg
hello@vinova.sg
contact@vinova.sg
support@vinova.sg
info@vinova.sg
press@vinova.sg
media@vinova.sg
team@vinova.sg
sales@vinova.sg
equiries@vinova.sg
help@vinova.sg
busines@vinova.sg
service@vinova.sg
career@vinova.sg
community@vinova.sg
opportunities@vinova.sg
social@quodisys.com
marketing@quodisys.com
hello@quodisys.com
contact@quodisys.com
support@quodisys.com
info@quodisys.com
press@quodisys.com
media@quodisys.com
team@quodisys.com
sales@quodisys.com
equiries@quodisys.com
help@quodisys.com
busines@quodisys.com
service@quodisys.com
career@quodisys.com
community@quodisys.com
opportunities@quodisys.com
social@vmodev.com
marketing@vmodev.com
hello@vmodev.com
contact@vmodev.com
support@vmodev.com
info@vmodev.com
press@vmodev.com
media@vmodev.com
team@vmodev.com
sales@vmodev.com
equiries@vmodev.com
help@vmodev.com
busines@vmodev.com
service@vmodev.com
career@vmodev.com
community@vmodev.com
opportunities@vmodev.com
social@arcanys.com
marketing@arcanys.com
hello@arcanys.com
contact@arcanys.com
support@arcanys.com
info@arcanys.com
press@arcanys.com
media@arcanys.com
team@arcanys.com
sales@arcanys.com
equiries@arcanys.com
help@arcanys.com
busines@arcanys.com
service@arcanys.com
career@arcanys.com
community@arcanys.com
opportunities@arcanys.com
social@pycogroup.com
marketing@pycogroup.com
hello@pycogroup.com
contact@pycogroup.com
support@pycogroup.com
info@pycogroup.com
press@pycogroup.com
media@pycogroup.com
team@pycogroup.com
sales@pycogroup.com
equiries@pycogroup.com
help@pycogroup.com
busines@pycogroup.com
service@pycogroup.com
career@pycogroup.com
community@pycogroup.com
opportunities@pycogroup.com
social@digifutura.com
marketing@digifutura.com
hello@digifutura.com
contact@digifutura.com
support@digifutura.com
info@digifutura.com
press@digifutura.com
media@digifutura.com
team@digifutura.com
sales@digifutura.com
equiries@digifutura.com
help@digifutura.com
busines@digifutura.com
service@digifutura.com
career@digifutura.com
community@digifutura.com
opportunities@digifutura.com
social@devcrew.io
marketing@devcrew.io
hello@devcrew.io
contact@devcrew.io
support@devcrew.io
info@devcrew.io
press@devcrew.io
media@devcrew.io
team@devcrew.io
sales@devcrew.io
equiries@devcrew.io
help@devcrew.io
busines@devcrew.io
service@devcrew.io
career@devcrew.io
community@devcrew.io
opportunities@devcrew.io
social@appscyclone.com
marketing@appscyclone.com
hello@appscyclone.com
contact@appscyclone.com
support@appscyclone.com
info@appscyclone.com
press@appscyclone.com
media@appscyclone.com
team@appscyclone.com
sales@appscyclone.com
equiries@appscyclone.com
help@appscyclone.com
busines@appscyclone.com
service@appscyclone.com
career@appscyclone.com
community@appscyclone.com
opportunities@appscyclone.com
social@hiruntec.com
marketing@hiruntec.com
hello@hiruntec.com
contact@hiruntec.com
support@hiruntec.com
info@hiruntec.com
press@hiruntec.com
media@hiruntec.com
team@hiruntec.com
sales@hiruntec.com
equiries@hiruntec.com
help@hiruntec.com
busines@hiruntec.com
service@hiruntec.com
career@hiruntec.com
community@hiruntec.com
opportunities@hiruntec.com
social@adamodigital.com
marketing@adamodigital.com
hello@adamodigital.com
contact@adamodigital.com
support@adamodigital.com
info@adamodigital.com
press@adamodigital.com
media@adamodigital.com
team@adamodigital.com
sales@adamodigital.com
equiries@adamodigital.com
help@adamodigital.com
busines@adamodigital.com
service@adamodigital.com
career@adamodigital.com
community@adamodigital.com
opportunities@adamodigital.com
social@nfq.lt
marketing@nfq.lt
hello@nfq.lt
contact@nfq.lt
support@nfq.lt
info@nfq.lt
press@nfq.lt
media@nfq.lt
team@nfq.lt
sales@nfq.lt
equiries@nfq.lt
help@nfq.lt
busines@nfq.lt
service@nfq.lt
career@nfq.lt
community@nfq.lt
opportunities@nfq.lt
social@tigren.com
marketing@tigren.com
hello@tigren.com
contact@tigren.com
support@tigren.com
info@tigren.com
press@tigren.com
media@tigren.com
team@tigren.com
sales@tigren.com
equiries@tigren.com
help@tigren.com
busines@tigren.com
service@tigren.com
career@tigren.com
community@tigren.com
opportunities@tigren.com
social@beetsoft.com.vn
marketing@beetsoft.com.vn
hello@beetsoft.com.vn
contact@beetsoft.com.vn
support@beetsoft.com.vn
info@beetsoft.com.vn
press@beetsoft.com.vn
media@beetsoft.com.vn
team@beetsoft.com.vn
sales@beetsoft.com.vn
equiries@beetsoft.com.vn
help@beetsoft.com.vn
busines@beetsoft.com.vn
service@beetsoft.com.vn
career@beetsoft.com.vn
community@beetsoft.com.vn
opportunities@beetsoft.com.vn
social@locksteplabs.com
marketing@locksteplabs.com
hello@locksteplabs.com
contact@locksteplabs.com
support@locksteplabs.com
info@locksteplabs.com
press@locksteplabs.com
media@locksteplabs.com
team@locksteplabs.com
sales@locksteplabs.com
equiries@locksteplabs.com
help@locksteplabs.com
busines@locksteplabs.com
service@locksteplabs.com
career@locksteplabs.com
community@locksteplabs.com
opportunities@locksteplabs.com
social@twentysixdigital.com
marketing@twentysixdigital.com
hello@twentysixdigital.com
contact@twentysixdigital.com
support@twentysixdigital.com
info@twentysixdigital.com
press@twentysixdigital.com
media@twentysixdigital.com
team@twentysixdigital.com
sales@twentysixdigital.com
equiries@twentysixdigital.com
help@twentysixdigital.com
busines@twentysixdigital.com
service@twentysixdigital.com
career@twentysixdigital.com
community@twentysixdigital.com
opportunities@twentysixdigital.com
social@icehousecorp.com
marketing@icehousecorp.com
hello@icehousecorp.com
contact@icehousecorp.com
support@icehousecorp.com
info@icehousecorp.com
press@icehousecorp.com
media@icehousecorp.com
team@icehousecorp.com
sales@icehousecorp.com
equiries@icehousecorp.com
help@icehousecorp.com
busines@icehousecorp.com
service@icehousecorp.com
career@icehousecorp.com
community@icehousecorp.com
opportunities@icehousecorp.com
social@inspilab.com
marketing@inspilab.com
hello@inspilab.com
contact@inspilab.com
support@inspilab.com
info@inspilab.com
press@inspilab.com
media@inspilab.com
team@inspilab.com
sales@inspilab.com
equiries@inspilab.com
help@inspilab.com
busines@inspilab.com
service@inspilab.com
career@inspilab.com
community@inspilab.com
opportunities@inspilab.com
social@eztek.vn
marketing@eztek.vn
hello@eztek.vn
contact@eztek.vn
support@eztek.vn
info@eztek.vn
press@eztek.vn
media@eztek.vn
team@eztek.vn
sales@eztek.vn
equiries@eztek.vn
help@eztek.vn
busines@eztek.vn
service@eztek.vn
career@eztek.vn
community@eztek.vn
opportunities@eztek.vn
social@software.com
marketing@software.com
hello@software.com
contact@software.com
support@software.com
info@software.com
press@software.com
media@software.com
team@software.com
sales@software.com
equiries@software.com
help@software.com
busines@software.com
service@software.com
career@software.com
community@software.com
opportunities@software.com
social@ecinfosolutions.com
marketing@ecinfosolutions.com
hello@ecinfosolutions.com
contact@ecinfosolutions.com
support@ecinfosolutions.com
info@ecinfosolutions.com
press@ecinfosolutions.com
media@ecinfosolutions.com
team@ecinfosolutions.com
sales@ecinfosolutions.com
equiries@ecinfosolutions.com
help@ecinfosolutions.com
busines@ecinfosolutions.com
service@ecinfosolutions.com
career@ecinfosolutions.com
community@ecinfosolutions.com
opportunities@ecinfosolutions.com
social@bordwalk.com
marketing@bordwalk.com
hello@bordwalk.com
contact@bordwalk.com
support@bordwalk.com
info@bordwalk.com
press@bordwalk.com
media@bordwalk.com
team@bordwalk.com
sales@bordwalk.com
equiries@bordwalk.com
help@bordwalk.com
busines@bordwalk.com
service@bordwalk.com
career@bordwalk.com
community@bordwalk.com
opportunities@bordwalk.com
social@bridgetech.co.id
marketing@bridgetech.co.id
hello@bridgetech.co.id
contact@bridgetech.co.id
support@bridgetech.co.id
info@bridgetech.co.id
press@bridgetech.co.id
media@bridgetech.co.id
team@bridgetech.co.id
sales@bridgetech.co.id
equiries@bridgetech.co.id
help@bridgetech.co.id
busines@bridgetech.co.id
service@bridgetech.co.id
career@bridgetech.co.id
community@bridgetech.co.id
opportunities@bridgetech.co.id
social@shockmediastudio.com
marketing@shockmediastudio.com
hello@shockmediastudio.com
contact@shockmediastudio.com
support@shockmediastudio.com
info@shockmediastudio.com
press@shockmediastudio.com
media@shockmediastudio.com
team@shockmediastudio.com
sales@shockmediastudio.com
equiries@shockmediastudio.com
help@shockmediastudio.com
busines@shockmediastudio.com
service@shockmediastudio.com
career@shockmediastudio.com
community@shockmediastudio.com
opportunities@shockmediastudio.com
social@somoglobal.com
marketing@somoglobal.com
hello@somoglobal.com
contact@somoglobal.com
support@somoglobal.com
info@somoglobal.com
press@somoglobal.com
media@somoglobal.com
team@somoglobal.com
sales@somoglobal.com
equiries@somoglobal.com
help@somoglobal.com
busines@somoglobal.com
service@somoglobal.com
career@somoglobal.com
community@somoglobal.com
opportunities@somoglobal.com
social@creitive.com
marketing@creitive.com
hello@creitive.com
contact@creitive.com
support@creitive.com
info@creitive.com
press@creitive.com
media@creitive.com
team@creitive.com
sales@creitive.com
equiries@creitive.com
help@creitive.com
busines@creitive.com
service@creitive.com
career@creitive.com
community@creitive.com
opportunities@creitive.com
social@letsnurture.com
marketing@letsnurture.com
hello@letsnurture.com
contact@letsnurture.com
support@letsnurture.com
info@letsnurture.com
press@letsnurture.com
media@letsnurture.com
team@letsnurture.com
sales@letsnurture.com
equiries@letsnurture.com
help@letsnurture.com
busines@letsnurture.com
service@letsnurture.com
career@letsnurture.com
community@letsnurture.com
opportunities@letsnurture.com
social@numeroeins.com
marketing@numeroeins.com
hello@numeroeins.com
contact@numeroeins.com
support@numeroeins.com
info@numeroeins.com
press@numeroeins.com
media@numeroeins.com
team@numeroeins.com
sales@numeroeins.com
equiries@numeroeins.com
help@numeroeins.com
busines@numeroeins.com
service@numeroeins.com
career@numeroeins.com
community@numeroeins.com
opportunities@numeroeins.com
social@reliasoftware.com
marketing@reliasoftware.com
hello@reliasoftware.com
contact@reliasoftware.com
support@reliasoftware.com
info@reliasoftware.com
press@reliasoftware.com
media@reliasoftware.com
team@reliasoftware.com
sales@reliasoftware.com
equiries@reliasoftware.com
help@reliasoftware.com
busines@reliasoftware.com
service@reliasoftware.com
career@reliasoftware.com
community@reliasoftware.com
opportunities@reliasoftware.com
social@acmex.co
marketing@acmex.co
hello@acmex.co
contact@acmex.co
support@acmex.co
info@acmex.co
press@acmex.co
media@acmex.co
team@acmex.co
sales@acmex.co
equiries@acmex.co
help@acmex.co
busines@acmex.co
service@acmex.co
career@acmex.co
community@acmex.co
opportunities@acmex.co
social@bocasay.com
marketing@bocasay.com
hello@bocasay.com
contact@bocasay.com
support@bocasay.com
info@bocasay.com
press@bocasay.com
media@bocasay.com
team@bocasay.com
sales@bocasay.com
equiries@bocasay.com
help@bocasay.com
busines@bocasay.com
service@bocasay.com
career@bocasay.com
community@bocasay.com
opportunities@bocasay.com
social@virtualspirit.me
marketing@virtualspirit.me
hello@virtualspirit.me
contact@virtualspirit.me
support@virtualspirit.me
info@virtualspirit.me
press@virtualspirit.me
media@virtualspirit.me
team@virtualspirit.me
sales@virtualspirit.me
equiries@virtualspirit.me
help@virtualspirit.me
busines@virtualspirit.me
service@virtualspirit.me
career@virtualspirit.me
community@virtualspirit.me
opportunities@virtualspirit.me
social@align.vn
marketing@align.vn
hello@align.vn
contact@align.vn
support@align.vn
info@align.vn
press@align.vn
media@align.vn
team@align.vn
sales@align.vn
equiries@align.vn
help@align.vn
busines@align.vn
service@align.vn
career@align.vn
community@align.vn
opportunities@align.vn
social@skuberg.com
marketing@skuberg.com
hello@skuberg.com
contact@skuberg.com
support@skuberg.com
info@skuberg.com
press@skuberg.com
media@skuberg.com
team@skuberg.com
